@relation unknow
@attribute 'attribute_1' real [0.0015,0.1371]
@attribute 'attribute_2' real [6.0E-4,0.2339]
@attribute 'attribute_3' real [0.0015,0.3059]
@attribute 'attribute_4' real [0.0058,0.4264]
@attribute 'attribute_5' real [0.0067,0.401]
@attribute 'attribute_6' real [0.0102,0.3823]
@attribute 'attribute_7' real [0.0033,0.3729]
@attribute 'attribute_8' real [0.0055,0.459]
@attribute 'attribute_9' real [0.0075,0.6828]
@attribute 'attribute_10' real [0.0113,0.7106]
@attribute 'attribute_11' real [0.0289,0.7342]
@attribute 'attribute_12' real [0.0236,0.706]
@attribute 'attribute_13' real [0.0184,0.7131]
@attribute 'attribute_14' real [0.0273,0.997]
@attribute 'attribute_15' real [0.0031,1.0]
@attribute 'attribute_16' real [0.0162,0.9988]
@attribute 'attribute_17' real [0.0349,1.0]
@attribute 'attribute_18' real [0.0375,1.0]
@attribute 'attribute_19' real [0.0494,1.0]
@attribute 'attribute_20' real [0.0656,1.0]
@attribute 'attribute_21' real [0.0512,1.0]
@attribute 'attribute_22' real [0.0219,1.0]
@attribute 'attribute_23' real [0.0563,1.0]
@attribute 'attribute_24' real [0.0239,1.0]
@attribute 'attribute_25' real [0.024,1.0]
@attribute 'attribute_26' real [0.0921,1.0]
@attribute 'attribute_27' real [0.0481,1.0]
@attribute 'attribute_28' real [0.0284,1.0]
@attribute 'attribute_29' real [0.0144,1.0]
@attribute 'attribute_30' real [0.0613,1.0]
@attribute 'attribute_31' real [0.0482,0.9657]
@attribute 'attribute_32' real [0.0404,0.9306]
@attribute 'attribute_33' real [0.0477,1.0]
@attribute 'attribute_34' real [0.0212,0.9647]
@attribute 'attribute_35' real [0.0223,1.0]
@attribute 'attribute_36' real [0.0080,1.0]
@attribute 'attribute_37' real [0.0351,0.9497]
@attribute 'attribute_38' real [0.0383,1.0]
@attribute 'attribute_39' real [0.0371,0.9857]
@attribute 'attribute_40' real [0.0117,0.9297]
@attribute 'attribute_41' real [0.036,0.8995]
@attribute 'attribute_42' real [0.0056,0.8246]
@attribute 'attribute_43' real [0.0,0.7733]
@attribute 'attribute_44' real [0.0,0.7762]
@attribute 'attribute_45' real [0.0,0.7034]
@attribute 'attribute_46' real [0.0,0.7292]
@attribute 'attribute_47' real [0.0,0.5522]
@attribute 'attribute_48' real [0.0,0.3339]
@attribute 'attribute_49' real [0.0,0.1981]
@attribute 'attribute_50' real [0.0,0.0825]
@attribute 'attribute_51' real [0.0,0.1004]
@attribute 'attribute_52' real [8.0E-4,0.0709]
@attribute 'attribute_53' real [5.0E-4,0.039]
@attribute 'attribute_54' real [0.0010,0.0352]
@attribute 'attribute_55' real [6.0E-4,0.0447]
@attribute 'attribute_56' real [4.0E-4,0.0394]
@attribute 'attribute_57' real [3.0E-4,0.0355]
@attribute 'attribute_58' real [3.0E-4,0.044]
@attribute 'attribute_59' real [1.0E-4,0.0364]
@attribute 'attribute_60' real [6.0E-4,0.0439]
@attribute 'Class' {Rock,Mine}
@data
0.0262,0.0582,0.1099,0.1083,0.0974,0.228,0.2431,0.3771,0.5598,0.6194,0.6333,0.706,0.5544,0.532,0.6479,0.6931,0.6759,0.7551,0.8929,0.8619,0.7974,0.6737,0.4293,0.3648,0.5331,0.2413,0.507,0.8533,0.6036,0.8514,0.8512,0.5045,0.1862,0.2709,0.4232,0.3043,0.6116,0.6756,0.5375,0.4719,0.4647,0.2587,0.2129,0.2222,0.2111,0.0176,0.1348,0.0744,0.013,0.0106,0.0033,0.0232,0.0166,0.0095,0.018,0.0244,0.0316,0.0164,0.0095,0.0078,Rock
0.0519,0.0548,0.0842,0.0319,0.1158,0.0922,0.1027,0.0613,0.1465,0.2838,0.2802,0.3086,0.2657,0.3801,0.5626,0.4376,0.2617,0.1199,0.6676,0.9402,0.7832,0.5352,0.6809,0.9174,0.7613,0.822,0.8872,0.6091,0.2967,0.1103,0.1318,0.0624,0.099,0.4006,0.3666,0.105,0.1915,0.393,0.4288,0.2546,0.1151,0.2196,0.1879,0.1437,0.2146,0.236,0.1125,0.0254,0.0285,0.0178,0.0052,0.0081,0.012,0.0045,0.0121,0.0097,0.0085,0.0047,0.0048,0.0053,Rock
0.0123,0.0309,0.0169,0.0313,0.0358,0.0102,0.0182,0.0579,0.1122,0.0835,0.0548,0.0847,0.2026,0.2557,0.187,0.2032,0.1463,0.2849,0.5824,0.7728,0.7852,0.8515,0.5312,0.3653,0.5973,0.8275,1.0,0.8673,0.6301,0.4591,0.394,0.2576,0.2817,0.2641,0.2757,0.2698,0.3994,0.4576,0.394,0.2522,0.1782,0.1354,0.0516,0.0337,0.0894,0.0861,0.0872,0.0445,0.0134,0.0217,0.0188,0.0133,0.0265,0.0224,0.0074,0.0118,0.0026,0.0092,9.0E-4,0.0044,Rock
0.0352,0.0116,0.0191,0.0469,0.0737,0.1185,0.1683,0.1541,0.1466,0.2912,0.2328,0.2237,0.247,0.156,0.3491,0.3308,0.2299,0.2203,0.2493,0.4128,0.3158,0.6191,0.5854,0.3395,0.2561,0.5599,0.8145,0.6941,0.6985,0.866,0.593,0.3664,0.675,0.8697,0.7837,0.7552,0.5789,0.4713,0.1252,0.6087,0.7322,0.5977,0.3431,0.1803,0.2378,0.3424,0.2303,0.0689,0.0216,0.0469,0.0426,0.0346,0.0158,0.0154,0.0109,0.0048,0.0095,0.0015,0.0073,0.0067,Rock
0.0473,0.0509,0.0819,0.1252,0.1783,0.307,0.3008,0.2362,0.383,0.3759,0.3021,0.2909,0.2301,0.1411,0.1582,0.243,0.4474,0.5964,0.6744,0.7969,0.8319,0.7813,0.8626,0.7369,0.4122,0.2596,0.3392,0.3788,0.4488,0.6281,0.7449,0.7328,0.7704,0.787,0.6048,0.586,0.6385,0.7279,0.6286,0.5316,0.4069,0.1791,0.1625,0.2527,0.1903,0.1643,0.0604,0.0209,0.0436,0.0175,0.0107,0.0193,0.0118,0.0064,0.0042,0.0054,0.0049,0.0082,0.0028,0.0027,Rock
0.01,0.0275,0.019,0.0371,0.0416,0.0201,0.0314,0.0651,0.1896,0.2668,0.3376,0.3282,0.2432,0.1268,0.1278,0.4441,0.6795,0.7051,0.7966,0.9401,0.9857,0.8193,0.5789,0.6394,0.7043,0.6875,0.4081,0.1811,0.2064,0.3917,0.3791,0.2042,0.2227,0.3341,0.3984,0.5077,0.5534,0.3352,0.2723,0.2278,0.2044,0.1986,0.0835,0.0908,0.138,0.1948,0.1211,0.0843,0.0589,0.0247,0.0118,0.0088,0.0104,0.0036,0.0088,0.0047,0.0117,0.0020,0.0091,0.0058,Rock
0.0442,0.0477,0.0049,0.0581,0.0278,0.0678,0.1664,0.149,0.0974,0.1268,0.1109,0.2375,0.2007,0.214,0.1109,0.2036,0.2468,0.6682,0.8345,0.8252,0.8017,0.8982,0.9664,0.8515,0.6626,0.3241,0.2054,0.5669,0.5726,0.4877,0.7532,0.76,0.5185,0.412,0.556,0.5569,0.1336,0.3831,0.4611,0.433,0.2556,0.1466,0.3489,0.2659,0.0944,0.137,0.1344,0.0416,0.0719,0.0637,0.021,0.0204,0.0216,0.0135,0.0055,0.0073,0.0080,0.0105,0.0059,0.0105,Rock
0.0206,0.0132,0.0533,0.0569,0.0647,0.1432,0.1344,0.2041,0.1571,0.1573,0.2327,0.1785,0.1507,0.1916,0.2061,0.2307,0.236,0.1299,0.3812,0.5858,0.4497,0.4876,1.0,0.8675,0.4718,0.5341,0.6197,0.7143,0.5605,0.3728,0.2481,0.1921,0.1386,0.3325,0.2883,0.3228,0.2607,0.204,0.2396,0.1319,0.0683,0.0334,0.0716,0.0976,0.0787,0.0522,0.05,0.0231,0.0221,0.0144,0.0307,0.0386,0.0147,0.0018,0.01,0.0096,0.0077,0.018,0.0109,0.0070,Rock
0.0202,0.0104,0.0325,0.0239,0.0807,0.1529,0.1154,0.0608,0.1317,0.137,0.0843,0.0269,0.1254,0.3046,0.5584,0.7973,0.8341,0.8057,0.8616,0.8769,0.9413,0.9403,0.9409,1.0,0.9725,0.9309,0.9351,0.7317,0.4421,0.3244,0.4161,0.4611,0.4031,0.3,0.2459,0.1348,0.2541,0.2255,0.1598,0.1485,0.0845,0.0569,0.0855,0.1262,0.1153,0.057,0.0426,0.0425,0.0235,6.0E-4,0.0188,0.0127,0.0081,0.0067,0.0043,0.0065,0.0049,0.0054,0.0073,0.0054,Rock
0.0025,0.0309,0.0171,0.0228,0.0434,0.1224,0.1947,0.1661,0.1368,0.143,0.0994,0.225,0.2444,0.3239,0.3039,0.241,0.0367,0.1672,0.3038,0.4069,0.3613,0.1994,0.4611,0.6849,0.7272,0.7152,0.7102,0.8516,1.0,0.769,0.4841,0.3717,0.6096,0.511,0.2586,0.0916,0.0947,0.2287,0.348,0.2095,0.1901,0.2941,0.2211,0.1524,0.0746,0.0606,0.0692,0.0446,0.0344,0.0082,0.0108,0.0149,0.0077,0.0036,0.0114,0.0085,0.0101,0.0016,0.0028,0.0014,Rock
0.0228,0.0106,0.013,0.0842,0.1117,0.1506,0.1776,0.0997,0.1428,0.2227,0.2621,0.3109,0.2859,0.3316,0.3755,0.4499,0.4765,0.6254,0.7304,0.8702,0.9349,0.9614,0.9126,0.9443,1.0,0.9455,0.8815,0.752,0.7068,0.5986,0.3857,0.251,0.2162,0.0968,0.1323,0.1344,0.225,0.3244,0.3939,0.3806,0.3258,0.3654,0.2983,0.1779,0.1535,0.1199,0.0959,0.0765,0.0649,0.0313,0.0185,0.0098,0.0178,0.0077,0.0074,0.0095,0.0055,0.0045,0.0063,0.0039,Mine
0.0228,0.0853,0.1,0.0428,0.1117,0.1651,0.1597,0.2116,0.3295,0.3517,0.333,0.3643,0.402,0.4731,0.5196,0.6573,0.8426,0.8476,0.8344,0.8453,0.7999,0.8537,0.9642,1.0,0.9357,0.9409,0.907,0.7104,0.632,0.5667,0.3501,0.2447,0.1698,0.329,0.3674,0.2331,0.2413,0.2556,0.1892,0.194,0.3074,0.2785,0.0308,0.1238,0.1854,0.1753,0.1079,0.0728,0.0242,0.0191,0.0159,0.0172,0.0191,0.026,0.014,0.0125,0.0116,0.0093,0.0012,0.0036,Mine
0.1083,0.107,0.0257,0.0837,0.0748,0.1125,0.3322,0.459,0.5526,0.5966,0.5304,0.2251,0.2402,0.2689,0.6646,0.6632,0.1674,0.0837,0.4331,0.8718,0.7992,0.3712,0.1703,0.1611,0.2086,0.2847,0.2211,0.6134,0.5807,0.6925,0.3825,0.4303,0.7791,0.8703,1.0,0.9212,0.9386,0.9303,0.7314,0.4791,0.2087,0.2016,0.1669,0.2872,0.4374,0.3097,0.1578,0.0553,0.0334,0.0209,0.0172,0.018,0.011,0.0234,0.0276,0.0032,0.0084,0.0122,0.0082,0.0143,Mine
0.0164,0.0627,0.0738,0.0608,0.0233,0.1048,0.1338,0.0644,0.1522,0.078,0.1791,0.2681,0.1788,0.1039,0.198,0.3234,0.3748,0.2586,0.368,0.3508,0.5606,0.5231,0.5469,0.6954,0.6352,0.6757,0.8499,0.8025,0.6563,0.8591,0.6655,0.5369,0.3118,0.3763,0.2801,0.0875,0.3319,0.4237,0.1801,0.3743,0.4627,0.1614,0.2494,0.3202,0.2265,0.1146,0.0476,0.0943,0.0824,0.0171,0.0244,0.0258,0.0143,0.0226,0.0187,0.0185,0.011,0.0094,0.0078,0.0112,Mine
0.0131,0.0201,0.0045,0.0217,0.023,0.0481,0.0742,0.0333,0.1369,0.2079,0.2295,0.199,0.1184,0.1891,0.2949,0.5343,0.685,0.7923,0.822,0.729,0.7352,0.7918,0.8057,0.4898,0.1934,0.2924,0.6255,0.8546,0.8966,0.7821,0.5168,0.484,0.4038,0.3411,0.2849,0.2353,0.2699,0.4442,0.4323,0.3314,0.1195,0.1669,0.3702,0.3072,0.0945,0.1545,0.1394,0.0772,0.0615,0.023,0.0111,0.0168,0.0086,0.0045,0.0062,0.0065,0.0030,0.0066,0.0029,0.0053,Mine
0.0235,0.022,0.0167,0.0516,0.0746,0.1121,0.1258,0.1717,0.3074,0.3199,0.2946,0.2484,0.251,0.1806,0.1413,0.3019,0.3635,0.3887,0.298,0.2219,0.1624,0.1343,0.2046,0.3791,0.5771,0.7545,0.8406,0.8547,0.9036,1.0,0.9646,0.7912,0.6412,0.5986,0.6835,0.7771,0.8084,0.7426,0.6295,0.5708,0.4433,0.3361,0.3795,0.495,0.4373,0.2404,0.1128,0.1654,0.0933,0.0225,0.0214,0.0221,0.0152,0.0083,0.0058,0.0023,0.0057,0.0052,0.0027,0.0021,Mine
0.0411,0.0277,0.0604,0.0525,0.0489,0.0385,0.0611,0.1117,0.1237,0.23,0.137,0.1335,0.2137,0.1526,0.0775,0.1196,0.0903,0.0689,0.2071,0.2975,0.2836,0.3353,0.3622,0.3202,0.3452,0.3562,0.3892,0.6622,0.9254,1.0,0.8528,0.6297,0.525,0.4012,0.2901,0.2007,0.3356,0.4799,0.6147,0.6246,0.4973,0.3492,0.2662,0.3137,0.4282,0.4262,0.3511,0.2458,0.1259,0.0327,0.0181,0.0217,0.0038,0.0019,0.0065,0.0132,0.0108,0.0050,0.0085,0.0044,Mine
0.0015,0.0186,0.0289,0.0195,0.0515,0.0817,0.1005,0.0124,0.1168,0.1476,0.2118,0.2575,0.2354,0.1334,0.0092,0.1951,0.3685,0.4646,0.5418,0.626,0.742,0.8257,0.8609,0.84,0.8949,0.9945,1.0,0.9649,0.8747,0.6257,0.2184,0.2945,0.3645,0.5012,0.7843,0.9361,0.8195,0.6207,0.4513,0.3004,0.2674,0.2241,0.3141,0.3693,0.2986,0.2226,0.0849,0.0359,0.0289,0.0122,0.0045,0.0108,0.0075,0.0089,0.0036,0.0029,0.0013,0.0010,0.0032,0.0047,Mine
0.0191,0.0173,0.0291,0.0301,0.0463,0.069,0.0576,0.1103,0.2423,0.3134,0.4786,0.5239,0.4393,0.344,0.2869,0.3889,0.442,0.3892,0.4088,0.5006,0.7271,0.9385,1.0,0.9831,0.9932,0.9161,0.8237,0.6957,0.4536,0.3281,0.2522,0.3964,0.4154,0.3308,0.1445,0.1923,0.3208,0.3367,0.5683,0.5505,0.3231,0.0448,0.3131,0.3387,0.413,0.3639,0.2069,0.0859,0.06,0.0267,0.0125,0.0040,0.0136,0.0137,0.0172,0.0132,0.011,0.0122,0.0114,0.0068,Mine
0.034,0.0625,0.0381,0.0257,0.0441,0.1027,0.1287,0.185,0.2647,0.4117,0.5245,0.5341,0.5554,0.3915,0.295,0.3075,0.3021,0.2719,0.5443,0.7932,0.8751,0.8667,0.7107,0.6911,0.7287,0.8792,1.0,0.9816,0.8984,0.6048,0.4934,0.5371,0.4586,0.2908,0.0774,0.2249,0.1602,0.3958,0.6117,0.5196,0.2321,0.437,0.3797,0.4322,0.4892,0.1901,0.094,0.1364,0.0906,0.0144,0.0329,0.0141,0.0019,0.0067,0.0099,0.0042,0.0057,0.0051,0.0033,0.0058,Mine
0.0323,0.0101,0.0298,0.0564,0.076,0.0958,0.099,0.1018,0.103,0.2154,0.3085,0.3425,0.299,0.1402,0.1235,0.1534,0.1901,0.2429,0.212,0.2395,0.3272,0.5949,0.8302,0.9045,0.9888,0.9912,0.9448,1.0,0.9092,0.7412,0.7691,0.7117,0.5304,0.2131,0.0928,0.1297,0.1159,0.1226,0.1768,0.0345,0.1562,0.0824,0.1149,0.1694,0.0954,0.0080,0.079,0.1255,0.0647,0.0179,0.0051,0.0061,0.0093,0.0135,0.0063,0.0063,0.0034,0.0032,0.0062,0.0067,Mine
