@relation unknow
@attribute 'attribute_1' real [0.0015,0.1371]
@attribute 'attribute_2' real [6.0E-4,0.2339]
@attribute 'attribute_3' real [0.0015,0.3059]
@attribute 'attribute_4' real [0.0058,0.4264]
@attribute 'attribute_5' real [0.0067,0.401]
@attribute 'attribute_6' real [0.0102,0.3823]
@attribute 'attribute_7' real [0.0033,0.3729]
@attribute 'attribute_8' real [0.0055,0.459]
@attribute 'attribute_9' real [0.0075,0.6828]
@attribute 'attribute_10' real [0.0113,0.7106]
@attribute 'attribute_11' real [0.0289,0.7342]
@attribute 'attribute_12' real [0.0236,0.706]
@attribute 'attribute_13' real [0.0184,0.7131]
@attribute 'attribute_14' real [0.0273,0.997]
@attribute 'attribute_15' real [0.0031,1.0]
@attribute 'attribute_16' real [0.0162,0.9988]
@attribute 'attribute_17' real [0.0349,1.0]
@attribute 'attribute_18' real [0.0375,1.0]
@attribute 'attribute_19' real [0.0494,1.0]
@attribute 'attribute_20' real [0.0656,1.0]
@attribute 'attribute_21' real [0.0512,1.0]
@attribute 'attribute_22' real [0.0219,1.0]
@attribute 'attribute_23' real [0.0563,1.0]
@attribute 'attribute_24' real [0.0239,1.0]
@attribute 'attribute_25' real [0.024,1.0]
@attribute 'attribute_26' real [0.0921,1.0]
@attribute 'attribute_27' real [0.0481,1.0]
@attribute 'attribute_28' real [0.0284,1.0]
@attribute 'attribute_29' real [0.0144,1.0]
@attribute 'attribute_30' real [0.0613,1.0]
@attribute 'attribute_31' real [0.0482,0.9657]
@attribute 'attribute_32' real [0.0404,0.9306]
@attribute 'attribute_33' real [0.0477,1.0]
@attribute 'attribute_34' real [0.0212,0.9647]
@attribute 'attribute_35' real [0.0223,1.0]
@attribute 'attribute_36' real [0.0080,1.0]
@attribute 'attribute_37' real [0.0351,0.9497]
@attribute 'attribute_38' real [0.0383,1.0]
@attribute 'attribute_39' real [0.0371,0.9857]
@attribute 'attribute_40' real [0.0117,0.9297]
@attribute 'attribute_41' real [0.036,0.8995]
@attribute 'attribute_42' real [0.0056,0.8246]
@attribute 'attribute_43' real [0.0,0.7733]
@attribute 'attribute_44' real [0.0,0.7762]
@attribute 'attribute_45' real [0.0,0.7034]
@attribute 'attribute_46' real [0.0,0.7292]
@attribute 'attribute_47' real [0.0,0.5522]
@attribute 'attribute_48' real [0.0,0.3339]
@attribute 'attribute_49' real [0.0,0.1981]
@attribute 'attribute_50' real [0.0,0.0825]
@attribute 'attribute_51' real [0.0,0.1004]
@attribute 'attribute_52' real [8.0E-4,0.0709]
@attribute 'attribute_53' real [5.0E-4,0.039]
@attribute 'attribute_54' real [0.0010,0.0352]
@attribute 'attribute_55' real [6.0E-4,0.0447]
@attribute 'attribute_56' real [4.0E-4,0.0394]
@attribute 'attribute_57' real [3.0E-4,0.0355]
@attribute 'attribute_58' real [3.0E-4,0.044]
@attribute 'attribute_59' real [1.0E-4,0.0364]
@attribute 'attribute_60' real [6.0E-4,0.0439]
@attribute 'Class' {Rock,Mine}
@data
0.0453,0.0523,0.0843,0.0689,0.1183,0.2583,0.2156,0.3481,0.3337,0.2872,0.4918,0.6552,0.6919,0.7797,0.7464,0.9444,1.0,0.8874,0.8024,0.7818,0.5212,0.4052,0.3957,0.3914,0.325,0.32,0.3271,0.2767,0.4423,0.2028,0.3788,0.2947,0.1984,0.2341,0.1306,0.4182,0.3835,0.1057,0.184,0.197,0.1674,0.0583,0.1401,0.1628,0.0621,0.0203,0.053,0.0742,0.0409,0.0061,0.0125,0.0084,0.0089,0.0048,0.0094,0.0191,0.014,0.0049,0.0052,0.0044,Rock
0.0093,0.0185,0.0056,0.0064,0.026,0.0458,0.047,0.0057,0.0425,0.064,0.0888,0.1599,0.1541,0.2768,0.2176,0.2799,0.3491,0.2824,0.2479,0.3005,0.43,0.4684,0.452,0.5026,0.6217,0.6571,0.6632,0.7321,0.8534,1.0,0.8448,0.6354,0.6308,0.6211,0.6976,0.5868,0.4889,0.3683,0.2043,0.1469,0.222,0.1449,0.149,0.1211,0.1144,0.0791,0.0365,0.0152,0.0085,0.012,0.0022,0.0069,0.0064,0.0129,0.0114,0.0054,0.0089,0.0050,0.0058,0.0025,Rock
0.0353,0.0713,0.0326,0.0272,0.037,0.0792,0.1083,0.0687,0.0298,0.088,0.1078,0.0979,0.225,0.2819,0.2099,0.124,0.1699,0.0939,0.1091,0.141,0.1268,0.3151,0.143,0.2264,0.5756,0.7876,0.7158,0.5998,0.5583,0.6295,0.7659,0.894,0.8436,0.6807,0.838,1.0,0.9497,0.7866,0.5647,0.348,0.2585,0.2304,0.2948,0.3363,0.3017,0.2193,0.1316,0.1078,0.0559,0.0035,0.0098,0.0163,0.0242,0.0043,0.0202,0.0108,0.0037,0.0096,0.0093,0.0053,Rock
0.0132,0.0080,0.0188,0.0141,0.0436,0.0668,0.0609,0.0131,0.0899,0.0922,0.1445,0.1475,0.2087,0.2558,0.2603,0.1985,0.2394,0.3134,0.4077,0.4529,0.4893,0.5666,0.6234,0.6741,0.8282,0.8823,0.9196,0.8965,0.7549,0.6736,0.6463,0.5007,0.3663,0.2298,0.1362,0.2123,0.2395,0.2673,0.2865,0.206,0.1659,0.2633,0.2552,0.1696,0.1467,0.1286,0.0926,0.0716,0.0325,0.0258,0.0136,0.0044,0.0028,0.0021,0.0022,0.0048,0.0138,0.014,0.0028,0.0064,Rock
0.0225,0.0019,0.0075,0.0097,0.0445,0.0906,0.0889,0.0655,0.1624,0.1452,0.1442,0.0948,0.0618,0.1641,0.0708,0.0844,0.259,0.2679,0.3094,0.4678,0.5958,0.7245,0.8773,0.9214,0.9282,0.9942,1.0,0.9071,0.8545,0.7293,0.6499,0.6071,0.5588,0.5967,0.6275,0.5459,0.4786,0.3965,0.2087,0.1651,0.1836,0.0652,0.0758,0.0486,0.0353,0.0297,0.0241,0.0379,0.0119,0.0073,0.0051,0.0034,0.0129,0.01,0.0044,0.0057,0.0030,0.0035,0.0021,0.0027,Rock
0.0176,0.0172,0.0501,0.0285,0.0262,0.0351,0.0362,0.0535,0.0258,0.0474,0.0526,0.1854,0.104,0.0948,0.0912,0.1688,0.1568,0.0375,0.1316,0.2086,0.1976,0.0946,0.1965,0.1242,0.0616,0.2141,0.4642,0.6471,0.634,0.6107,0.7046,0.5376,0.5934,0.8443,0.9481,0.9705,0.7766,0.6313,0.576,0.6148,0.545,0.4813,0.3406,0.1916,0.1134,0.064,0.0911,0.098,0.0563,0.0187,0.0088,0.0042,0.0175,0.0171,0.0079,0.0050,0.0112,0.0179,0.0294,0.0063,Rock
0.0368,0.0403,0.0317,0.0293,0.082,0.1342,0.1161,0.0663,0.0155,0.0506,0.0906,0.2545,0.1464,0.1272,0.1223,0.1669,0.1424,0.1285,0.1857,0.1136,0.2069,0.0219,0.24,0.2547,0.024,0.1923,0.4753,0.7003,0.6825,0.6443,0.7063,0.5373,0.6601,0.8708,0.9518,0.9605,0.7712,0.6772,0.6431,0.672,0.6035,0.5155,0.3802,0.2278,0.1522,0.0801,0.0804,0.0752,0.0566,0.0175,0.0058,0.0091,0.016,0.016,0.0081,0.0070,0.0135,0.0067,0.0078,0.0068,Rock
0.0231,0.0351,0.0030,0.0304,0.0339,0.086,0.1738,0.1351,0.1063,0.0347,0.0575,0.1382,0.2274,0.4038,0.5223,0.6847,0.7521,0.776,0.7708,0.8627,1.0,0.8873,0.8057,0.876,0.9066,0.943,0.8846,0.65,0.297,0.2423,0.2992,0.2285,0.2277,0.1529,0.1037,0.0352,0.1073,0.1373,0.1331,0.1454,0.1115,0.044,0.0762,0.1381,0.0831,0.0654,0.0844,0.0595,0.0497,0.0313,0.0154,0.0106,0.0097,0.0022,0.0052,0.0072,0.0056,0.0038,0.0043,0.0030,Rock
0.0409,0.0421,0.0573,0.013,0.0183,0.1019,0.1054,0.107,0.2302,0.2259,0.2373,0.3323,0.3827,0.484,0.6812,0.7555,0.9522,0.9826,0.8871,0.8268,0.7561,0.8217,0.6967,0.6444,0.6948,0.8014,0.6053,0.6084,0.8877,0.8557,0.5563,0.2897,0.3638,0.4786,0.2908,0.0899,0.2043,0.1707,0.0407,0.1286,0.1581,0.2191,0.1701,0.0971,0.2217,0.2732,0.1874,0.1062,0.0665,0.0405,0.0113,0.0028,0.0036,0.0105,0.012,0.0087,0.0061,0.0061,0.0030,0.0078,Rock
0.0181,0.0146,0.0026,0.0141,0.0421,0.0473,0.0361,0.0741,0.1398,0.1045,0.0904,0.0671,0.0997,0.1056,0.0346,0.1231,0.1626,0.3652,0.3262,0.2995,0.2109,0.2104,0.2085,0.2282,0.0747,0.1969,0.4086,0.6385,0.797,0.7508,0.5517,0.2214,0.4672,0.4479,0.2297,0.3235,0.448,0.5581,0.652,0.5354,0.2478,0.2268,0.1788,0.0898,0.0536,0.0374,0.099,0.0956,0.0317,0.0142,0.0076,0.0223,0.0255,0.0145,0.0233,0.0041,0.0018,0.0048,0.0089,0.0085,Rock
0.1313,0.2339,0.3059,0.4264,0.401,0.1791,0.1853,0.0055,0.1929,0.2231,0.2907,0.2259,0.3136,0.3302,0.366,0.3956,0.4386,0.467,0.5255,0.3735,0.2243,0.1973,0.4337,0.6532,0.507,0.2796,0.4163,0.595,0.5242,0.4178,0.3714,0.2375,0.0863,0.1437,0.2896,0.4577,0.3725,0.3372,0.3803,0.4181,0.3603,0.2711,0.1653,0.1951,0.2811,0.2246,0.1921,0.15,0.0665,0.0193,0.0156,0.0362,0.021,0.0154,0.018,0.0013,0.0106,0.0127,0.0178,0.0231,Mine
0.0599,0.0474,0.0498,0.0387,0.1026,0.0773,0.0853,0.0447,0.1094,0.0351,0.1582,0.2023,0.2268,0.2829,0.3819,0.4665,0.6687,0.8647,0.9361,0.9367,0.9144,0.9162,0.9311,0.8604,0.7327,0.5763,0.4162,0.4113,0.4146,0.3149,0.2936,0.3169,0.3149,0.4132,0.3994,0.4195,0.4532,0.4419,0.4737,0.3431,0.3194,0.337,0.2493,0.265,0.1748,0.0932,0.053,0.0081,0.0342,0.0137,0.0028,0.0013,5.0E-4,0.0227,0.0209,0.0081,0.0117,0.0114,0.0112,0.01,Mine
0.0346,0.0509,0.0079,0.0243,0.0432,0.0735,0.0938,0.1134,0.1228,0.1508,0.1809,0.239,0.2947,0.2866,0.401,0.5325,0.5486,0.5823,0.6041,0.6749,0.7084,0.789,0.9284,0.9781,0.9738,1.0,0.9702,0.9956,0.8235,0.602,0.5342,0.4867,0.3526,0.1566,0.0946,0.1613,0.2824,0.339,0.3019,0.2945,0.2978,0.2676,0.2055,0.2069,0.1625,0.1216,0.1013,0.0744,0.0386,0.0050,0.0146,0.0040,0.0122,0.0107,0.0112,0.0102,0.0052,0.0024,0.0079,0.0031,Mine
0.0443,0.0446,0.0235,0.1008,0.2252,0.2611,0.2061,0.1668,0.1801,0.3083,0.3794,0.5364,0.6173,0.7842,0.8392,0.9016,1.0,0.8911,0.8753,0.7886,0.7156,0.7581,0.6372,0.321,0.2076,0.2279,0.3309,0.2847,0.1949,0.1671,0.1025,0.1362,0.2212,0.1124,0.1677,0.1039,0.2562,0.2624,0.2236,0.118,0.1103,0.2831,0.2385,0.0255,0.1967,0.1483,0.0434,0.0627,0.0513,0.0473,0.0248,0.0274,0.0205,0.0141,0.0185,0.0055,0.0045,0.0115,0.0152,0.01,Mine
0.079,0.0707,0.0352,0.166,0.133,0.0226,0.0771,0.2678,0.5664,0.6609,0.5002,0.2583,0.165,0.4347,0.4515,0.4579,0.3366,0.4,0.5325,0.901,0.9939,0.3689,0.1012,0.0248,0.2318,0.3981,0.2259,0.5247,0.6898,0.8316,0.4326,0.3741,0.5756,0.8043,0.7963,0.7174,0.7056,0.8148,0.7601,0.6034,0.4554,0.4729,0.4478,0.3722,0.4693,0.3839,0.0768,0.1467,0.0777,0.0469,0.0193,0.0298,0.039,0.0294,0.0175,0.0249,0.0141,0.0073,0.0025,0.0101,Mine
0.0117,0.0069,0.0279,0.0583,0.0915,0.1267,0.1577,0.1927,0.2361,0.2169,0.118,0.0754,0.2782,0.3758,0.5093,0.6592,0.7071,0.7532,0.8357,0.8593,0.9615,0.9838,0.8705,0.6403,0.5067,0.5395,0.6934,0.8487,0.8213,0.5962,0.295,0.2758,0.2885,0.1893,0.1446,0.0955,0.0888,0.0836,0.0894,0.1547,0.2318,0.2225,0.1035,0.1721,0.2017,0.1787,0.1112,0.0398,0.0305,0.0084,0.0039,0.0053,0.0029,0.0020,0.0013,0.0029,0.0020,0.0062,0.0026,0.0052,Mine
0.0134,0.0172,0.0178,0.0363,0.0444,0.0744,0.08,0.0456,0.0368,0.125,0.2405,0.2325,0.2523,0.1472,0.0669,0.11,0.2353,0.3282,0.4416,0.5167,0.6508,0.7793,0.7978,0.7786,0.8587,0.9321,0.9454,0.8645,0.722,0.485,0.1357,0.2951,0.4715,0.6036,0.8083,0.987,0.88,0.6411,0.4276,0.2702,0.2642,0.3342,0.4335,0.4542,0.396,0.2525,0.1084,0.0372,0.0286,0.0099,0.0046,0.0094,0.0048,0.0047,0.0016,8.0E-4,0.0042,0.0024,0.0027,0.0041,Mine
0.0635,0.0709,0.0453,0.0333,0.0185,0.126,0.1015,0.1918,0.3362,0.39,0.4674,0.5632,0.5506,0.4343,0.3052,0.3492,0.3975,0.3875,0.528,0.7198,0.7702,0.8562,0.8688,0.9236,1.0,0.9662,0.9822,0.736,0.4158,0.2918,0.328,0.369,0.345,0.2863,0.0864,0.3724,0.4649,0.3488,0.1817,0.1142,0.122,0.2621,0.4461,0.4726,0.3263,0.1423,0.039,0.0406,0.0311,0.0086,0.0154,0.0048,0.0025,0.0087,0.0072,0.0095,0.0086,0.0085,0.0040,0.0051,Mine
0.031,0.0221,0.0433,0.0191,0.0964,0.1827,0.1106,0.1702,0.2804,0.4432,0.5222,0.5611,0.5379,0.4048,0.2245,0.1784,0.2297,0.272,0.5209,0.6898,0.8202,0.878,0.76,0.7616,0.7152,0.7288,0.8686,0.9509,0.8348,0.573,0.4363,0.4289,0.424,0.3156,0.1287,0.1477,0.2062,0.24,0.5173,0.5168,0.1491,0.2407,0.3415,0.4494,0.4624,0.2001,0.0775,0.1232,0.0783,0.0089,0.0249,0.0204,0.0059,0.0053,0.0079,0.0037,0.0015,0.0056,0.0067,0.0054,Mine
0.0209,0.0191,0.0411,0.0321,0.0698,0.1579,0.1438,0.1402,0.3048,0.3914,0.3504,0.3669,0.3943,0.3311,0.3331,0.3002,0.2324,0.1381,0.345,0.4428,0.489,0.3677,0.4379,0.4864,0.6207,0.7256,0.6624,0.7689,0.7981,0.8577,0.9273,0.7009,0.4851,0.3409,0.1406,0.1147,0.1433,0.182,0.3605,0.5529,0.5988,0.5077,0.5512,0.5027,0.7034,0.5904,0.4069,0.2761,0.1584,0.051,0.0054,0.0078,0.0201,0.0104,0.0039,0.0031,0.0062,0.0087,0.0070,0.0042,Mine
0.0368,0.0279,0.0103,0.0566,0.0759,0.0679,0.097,0.1473,0.2164,0.2544,0.2936,0.2935,0.2657,0.3187,0.2794,0.2534,0.198,0.1929,0.2826,0.3245,0.3504,0.3324,0.4217,0.4774,0.4808,0.6325,0.8334,0.9458,1.0,0.8425,0.5524,0.4795,0.52,0.3968,0.194,0.1519,0.201,0.1736,0.1029,0.2244,0.3717,0.4449,0.3939,0.203,0.201,0.2187,0.184,0.1477,0.0971,0.0224,0.0151,0.0105,0.0024,0.0018,0.0057,0.0092,9.0E-4,0.0086,0.011,0.0052,Mine
