@relation unknow
@attribute 'attribute_1' real [0.0015,0.1371]
@attribute 'attribute_2' real [6.0E-4,0.2339]
@attribute 'attribute_3' real [0.0015,0.3059]
@attribute 'attribute_4' real [0.0058,0.4264]
@attribute 'attribute_5' real [0.0067,0.401]
@attribute 'attribute_6' real [0.0102,0.3823]
@attribute 'attribute_7' real [0.0033,0.3729]
@attribute 'attribute_8' real [0.0055,0.459]
@attribute 'attribute_9' real [0.0075,0.6828]
@attribute 'attribute_10' real [0.0113,0.7106]
@attribute 'attribute_11' real [0.0289,0.7342]
@attribute 'attribute_12' real [0.0236,0.706]
@attribute 'attribute_13' real [0.0184,0.7131]
@attribute 'attribute_14' real [0.0273,0.997]
@attribute 'attribute_15' real [0.0031,1.0]
@attribute 'attribute_16' real [0.0162,0.9988]
@attribute 'attribute_17' real [0.0349,1.0]
@attribute 'attribute_18' real [0.0375,1.0]
@attribute 'attribute_19' real [0.0494,1.0]
@attribute 'attribute_20' real [0.0656,1.0]
@attribute 'attribute_21' real [0.0512,1.0]
@attribute 'attribute_22' real [0.0219,1.0]
@attribute 'attribute_23' real [0.0563,1.0]
@attribute 'attribute_24' real [0.0239,1.0]
@attribute 'attribute_25' real [0.024,1.0]
@attribute 'attribute_26' real [0.0921,1.0]
@attribute 'attribute_27' real [0.0481,1.0]
@attribute 'attribute_28' real [0.0284,1.0]
@attribute 'attribute_29' real [0.0144,1.0]
@attribute 'attribute_30' real [0.0613,1.0]
@attribute 'attribute_31' real [0.0482,0.9657]
@attribute 'attribute_32' real [0.0404,0.9306]
@attribute 'attribute_33' real [0.0477,1.0]
@attribute 'attribute_34' real [0.0212,0.9647]
@attribute 'attribute_35' real [0.0223,1.0]
@attribute 'attribute_36' real [0.0080,1.0]
@attribute 'attribute_37' real [0.0351,0.9497]
@attribute 'attribute_38' real [0.0383,1.0]
@attribute 'attribute_39' real [0.0371,0.9857]
@attribute 'attribute_40' real [0.0117,0.9297]
@attribute 'attribute_41' real [0.036,0.8995]
@attribute 'attribute_42' real [0.0056,0.8246]
@attribute 'attribute_43' real [0.0,0.7733]
@attribute 'attribute_44' real [0.0,0.7762]
@attribute 'attribute_45' real [0.0,0.7034]
@attribute 'attribute_46' real [0.0,0.7292]
@attribute 'attribute_47' real [0.0,0.5522]
@attribute 'attribute_48' real [0.0,0.3339]
@attribute 'attribute_49' real [0.0,0.1981]
@attribute 'attribute_50' real [0.0,0.0825]
@attribute 'attribute_51' real [0.0,0.1004]
@attribute 'attribute_52' real [8.0E-4,0.0709]
@attribute 'attribute_53' real [5.0E-4,0.039]
@attribute 'attribute_54' real [0.0010,0.0352]
@attribute 'attribute_55' real [6.0E-4,0.0447]
@attribute 'attribute_56' real [4.0E-4,0.0394]
@attribute 'attribute_57' real [3.0E-4,0.0355]
@attribute 'attribute_58' real [3.0E-4,0.044]
@attribute 'attribute_59' real [1.0E-4,0.0364]
@attribute 'attribute_60' real [6.0E-4,0.0439]
@attribute 'Class' {Rock,Mine}
@data
0.0079,0.0086,0.0055,0.025,0.0344,0.0546,0.0528,0.0958,0.1009,0.124,0.1097,0.1215,0.1874,0.3383,0.3227,0.2723,0.3943,0.6432,0.7271,0.8673,0.9674,0.9847,0.948,0.8036,0.6833,0.5136,0.309,0.0832,0.4019,0.2344,0.1905,0.1235,0.1717,0.2351,0.2489,0.3649,0.3382,0.1589,0.0989,0.1089,0.1043,0.0839,0.1391,0.0819,0.0678,0.0663,0.1202,0.0692,0.0152,0.0266,0.0174,0.0176,0.0127,0.0088,0.0098,0.0019,0.0059,0.0058,0.0059,0.0032,Rock
0.0090,0.0062,0.0253,0.0489,0.1197,0.1589,0.1392,0.0987,0.0955,0.1895,0.1896,0.2547,0.4073,0.2988,0.2901,0.5326,0.4022,0.1571,0.3024,0.3907,0.3542,0.4438,0.6414,0.4601,0.6009,0.869,0.8345,0.7669,0.5081,0.462,0.538,0.5375,0.3844,0.3601,0.7402,0.7761,0.3858,0.0667,0.3684,0.6114,0.351,0.2312,0.2195,0.3051,0.1937,0.157,0.0479,0.0538,0.0146,0.0068,0.0187,0.0059,0.0095,0.0194,0.0080,0.0152,0.0158,0.0053,0.0189,0.0102,Rock
0.0068,0.0232,0.0513,0.0444,0.0249,0.0637,0.0422,0.113,0.1911,0.2475,0.1606,0.0922,0.2398,0.322,0.4295,0.2652,0.0666,0.1442,0.2373,0.2595,0.2493,0.3903,0.6384,0.8037,0.7026,0.6874,0.6997,0.8558,1.0,0.9621,0.8996,0.7575,0.6902,0.5686,0.4396,0.4546,0.2959,0.1587,0.1681,0.0842,0.1173,0.1754,0.2728,0.1705,0.0194,0.0213,0.0354,0.042,0.0093,0.0204,0.0199,0.0173,0.0163,0.0055,0.0045,0.0068,0.0041,0.0052,0.0194,0.0105,Rock
0.0211,0.0319,0.0415,0.0286,0.0121,0.0438,0.1299,0.139,0.0695,0.0568,0.0869,0.1935,0.1478,0.1871,0.1994,0.3283,0.6861,0.5814,0.25,0.1734,0.3363,0.5588,0.6592,0.7012,0.8099,0.8901,0.8745,0.7887,0.8725,0.9376,0.892,0.7508,0.6832,0.761,0.9017,1.0,0.9123,0.7388,0.5915,0.4057,0.3019,0.2331,0.2931,0.2298,0.2391,0.191,0.1096,0.03,0.0171,0.0383,0.0053,0.0090,0.0042,0.0153,0.0106,0.0020,0.0105,0.0049,0.0070,0.0080,Rock
0.0119,0.0582,0.0623,0.06,0.1397,0.1883,0.1422,0.1447,0.0487,0.0864,0.2143,0.372,0.2665,0.2113,0.1103,0.1136,0.1934,0.4142,0.3279,0.6222,0.7468,0.7676,0.7867,0.8253,1.0,0.9481,0.7539,0.6008,0.5437,0.5387,0.5619,0.5141,0.6084,0.5621,0.5956,0.6078,0.5025,0.2829,0.0477,0.2811,0.3422,0.5147,0.4372,0.247,0.1708,0.1343,0.0838,0.0755,0.0304,0.0074,0.0069,0.0025,0.0103,0.0074,0.0123,0.0069,0.0076,0.0073,0.0030,0.0138,Rock
0.0293,0.0378,0.0257,0.0062,0.013,0.0612,0.0895,0.1107,0.0973,0.0751,0.0528,0.1209,0.1763,0.2039,0.2727,0.2321,0.2676,0.2934,0.3295,0.491,0.5402,0.6257,0.6826,0.7527,0.8504,0.8938,0.9928,0.9134,0.708,0.6318,0.6126,0.4638,0.2797,0.1721,0.1665,0.2561,0.2735,0.3209,0.2724,0.188,0.1552,0.2522,0.2121,0.1801,0.1473,0.0681,0.1091,0.0919,0.0397,0.0093,0.0076,0.0065,0.0072,0.0108,0.0051,0.0102,0.0041,0.0055,0.0050,0.0087,Rock
0.0125,0.0152,0.0218,0.0175,0.0362,0.0696,0.0873,0.0616,0.1252,0.1302,0.0888,0.05,0.0628,0.1274,0.0801,0.0742,0.2048,0.295,0.3193,0.4567,0.5959,0.7101,0.8225,0.8425,0.9065,0.9802,1.0,0.8752,0.7583,0.6616,0.5786,0.5128,0.4776,0.4994,0.5197,0.5071,0.4577,0.3505,0.1845,0.189,0.1967,0.1041,0.055,0.0492,0.0622,0.0505,0.0247,0.0219,0.0102,0.0047,0.0019,0.0041,0.0074,0.0030,0.0050,0.0048,0.0017,0.0041,0.0086,0.0058,Rock
0.0208,0.0186,0.0131,0.0211,0.061,0.0613,0.0612,0.0506,0.0989,0.1093,0.1063,0.1179,0.1291,0.1591,0.168,0.1918,0.1615,0.1647,0.1397,0.1426,0.2429,0.2816,0.429,0.6443,0.9061,1.0,0.8087,0.6119,0.526,0.3677,0.2746,0.102,0.1339,0.1582,0.1952,0.1787,0.0429,0.1096,0.1762,0.2481,0.315,0.292,0.1902,0.0696,0.0758,0.091,0.0441,0.0244,0.0265,0.0095,0.014,0.0074,0.0063,0.0081,0.0087,0.0044,0.0028,0.0019,0.0049,0.0023,Rock
0.0229,0.0369,0.0040,0.0375,0.0455,0.1452,0.2211,0.1188,0.075,0.1631,0.2709,0.3358,0.4091,0.44,0.5485,0.7213,0.8137,0.9185,1.0,0.9418,0.9116,0.9349,0.7484,0.5146,0.4106,0.3443,0.6981,0.8713,0.9013,0.8014,0.438,0.1319,0.1709,0.2484,0.3044,0.2312,0.1338,0.2056,0.2474,0.279,0.161,0.0056,0.0351,0.1148,0.1331,0.0276,0.0763,0.0631,0.0309,0.024,0.0115,0.0064,0.0022,0.0122,0.0151,0.0056,0.0026,0.0029,0.0104,0.0163,Rock
0.0126,0.0519,0.0621,0.0518,0.1072,0.2587,0.2304,0.2067,0.3416,0.4284,0.3015,0.1207,0.3299,0.5707,0.6962,0.9751,1.0,0.9293,0.621,0.4586,0.5001,0.5032,0.7082,0.842,0.8109,0.769,0.8105,0.6203,0.2356,0.2595,0.6299,0.6762,0.2903,0.4393,0.8529,0.718,0.4801,0.5856,0.4993,0.2866,0.0601,0.1167,0.2737,0.2812,0.2078,0.066,0.0491,0.0345,0.0172,0.0287,0.0027,0.0208,0.0048,0.0199,0.0126,0.0022,0.0037,0.0034,0.0114,0.0077,Rock
0.021,0.0121,0.0203,0.1036,0.1675,0.0418,0.0723,0.0828,0.0494,0.0686,0.1125,0.1741,0.271,0.3087,0.3575,0.4998,0.6011,0.647,0.8067,0.9008,0.8906,0.9338,1.0,0.9102,0.8496,0.7867,0.7688,0.7718,0.6268,0.4301,0.2077,0.1198,0.166,0.2618,0.3862,0.3958,0.3248,0.2302,0.325,0.4022,0.4344,0.4008,0.337,0.2518,0.2101,0.1181,0.115,0.055,0.0293,0.0183,0.0104,0.0117,0.0101,0.0061,0.0031,0.0099,0.0080,0.0107,0.0161,0.0133,Mine
0.0094,0.0333,0.0306,0.0376,0.1296,0.1795,0.1909,0.1692,0.187,0.1725,0.2228,0.3106,0.4144,0.5157,0.5369,0.5107,0.6441,0.7326,0.8164,0.8856,0.9891,1.0,0.875,0.8631,0.9074,0.8674,0.775,0.66,0.5615,0.4016,0.2331,0.1164,0.1095,0.0431,0.0619,0.1956,0.212,0.3242,0.4102,0.2939,0.1911,0.1702,0.101,0.1512,0.1427,0.1097,0.1173,0.0972,0.0703,0.0281,0.0216,0.0153,0.0112,0.0241,0.0164,0.0055,0.0078,0.0055,0.0091,0.0067,Mine
0.0261,0.0266,0.0223,0.0749,0.1364,0.1513,0.1316,0.1654,0.1864,0.2013,0.289,0.365,0.351,0.3495,0.4325,0.5398,0.6237,0.6876,0.7329,0.8107,0.8396,0.8632,0.8747,0.9607,0.9716,0.9121,0.8576,0.8798,0.772,0.5711,0.4264,0.286,0.3114,0.2066,0.1165,0.0185,0.1302,0.248,0.1637,0.1103,0.2144,0.2033,0.1887,0.137,0.1376,0.0307,0.0373,0.0606,0.0399,0.0169,0.0135,0.0222,0.0175,0.0127,0.0022,0.0124,0.0054,0.0021,0.0028,0.0023,Mine
0.1371,0.1226,0.1385,0.1484,0.1776,0.1428,0.1773,0.2161,0.163,0.2067,0.4257,0.5484,0.7131,0.7003,0.6777,0.7939,0.9382,0.8925,0.9146,0.7832,0.796,0.7983,0.7716,0.6615,0.486,0.5572,0.4697,0.564,0.4517,0.3369,0.2684,0.2339,0.3052,0.3016,0.2753,0.1041,0.1757,0.3156,0.3603,0.2736,0.1301,0.2458,0.3404,0.1753,0.0679,0.1062,0.0643,0.0532,0.0531,0.0272,0.0171,0.0118,0.0129,0.0344,0.0065,0.0067,0.0022,0.0079,0.0146,0.0051,Mine
0.0094,0.0611,0.1136,0.1203,0.0403,0.1227,0.2495,0.4566,0.6587,0.5079,0.335,0.0834,0.3004,0.3957,0.3769,0.3828,0.1247,0.1363,0.2678,0.9188,0.9779,0.3236,0.1944,0.1874,0.0885,0.3443,0.2953,0.5908,0.4564,0.7334,0.1969,0.279,0.6212,0.8681,0.8621,0.938,0.8327,0.948,0.6721,0.4436,0.5163,0.3809,0.1557,0.1449,0.2662,0.1806,0.1699,0.2559,0.1129,0.0201,0.048,0.0234,0.0175,0.0352,0.0158,0.0326,0.0201,0.0168,0.0245,0.0154,Mine
0.0231,0.0315,0.017,0.0226,0.041,0.0116,0.0223,0.0805,0.2365,0.2461,0.2245,0.152,0.1732,0.3099,0.438,0.5595,0.682,0.6164,0.6803,0.8435,0.9921,1.0,0.7983,0.5426,0.3952,0.5179,0.565,0.3042,0.1881,0.396,0.2286,0.3544,0.4187,0.2398,0.1847,0.376,0.4331,0.3626,0.2519,0.187,0.1046,0.2339,0.1991,0.11,0.0684,0.0303,0.0674,0.0785,0.0455,0.0246,0.0151,0.0125,0.0036,0.0123,0.0043,0.0114,0.0052,0.0091,8.0E-4,0.0092,Mine
0.0329,0.0216,0.0386,0.0627,0.1158,0.1482,0.2054,0.1605,0.2532,0.2672,0.3056,0.3161,0.2314,0.2067,0.1804,0.2808,0.4423,0.5947,0.6601,0.5844,0.4539,0.4789,0.5646,0.5281,0.7115,1.0,0.9564,0.609,0.5112,0.4,0.0482,0.1852,0.2186,0.1436,0.1757,0.1428,0.1644,0.3089,0.3648,0.4441,0.3859,0.2813,0.1238,0.0953,0.1201,0.0825,0.0618,0.0141,0.0108,0.0124,0.0104,0.0095,0.0151,0.0059,0.0015,0.0053,0.0016,0.0042,0.0053,0.0074,Mine
0.0201,0.0165,0.0344,0.033,0.0397,0.0443,0.0684,0.0903,0.1739,0.2571,0.2931,0.3108,0.3603,0.3002,0.2718,0.2007,0.1801,0.2234,0.3568,0.5492,0.7209,0.8318,0.8864,0.952,0.9637,1.0,0.9673,0.8664,0.7896,0.6345,0.5351,0.4056,0.2563,0.2894,0.3588,0.4296,0.4773,0.4516,0.3765,0.3051,0.1921,0.1184,0.1984,0.157,0.066,0.1294,0.0797,0.0052,0.0233,0.0152,0.0125,0.0054,0.0057,0.0137,0.0109,0.0035,0.0056,0.0105,0.0082,0.0036,Mine
0.0095,0.0308,0.0539,0.0411,0.0613,0.1039,0.1016,0.1394,0.2592,0.3745,0.4229,0.4499,0.5404,0.4303,0.3333,0.3496,0.3426,0.2851,0.4062,0.6833,0.765,0.667,0.5703,0.5995,0.6484,0.8614,0.9819,0.938,0.8435,0.6074,0.5403,0.689,0.5977,0.3244,0.0516,0.3157,0.359,0.3881,0.5716,0.4314,0.3051,0.4393,0.4302,0.4831,0.5084,0.1952,0.1539,0.2037,0.1054,0.0251,0.0357,0.0181,0.0019,0.0102,0.0133,0.0040,0.0042,0.0030,0.0031,0.0033,Mine
0.0269,0.0383,0.0505,0.0707,0.1313,0.2103,0.2263,0.2524,0.3595,0.5915,0.6675,0.5679,0.5175,0.3334,0.2002,0.2856,0.2937,0.3424,0.5949,0.7526,0.8959,0.8147,0.7109,0.7378,0.7201,0.8254,0.8917,0.982,0.8179,0.4848,0.3203,0.2775,0.2382,0.2911,0.1675,0.3156,0.1869,0.3391,0.5993,0.4124,0.1181,0.3651,0.4655,0.4777,0.3517,0.092,0.1227,0.1785,0.1085,0.03,0.0346,0.0167,0.0199,0.0145,0.0081,0.0045,0.0043,0.0027,0.0055,0.0057,Mine
0.0272,0.0378,0.0488,0.0848,0.1127,0.1103,0.1349,0.2337,0.3113,0.3997,0.3941,0.3309,0.2926,0.176,0.1739,0.2043,0.2088,0.2678,0.2434,0.1839,0.2802,0.6172,0.8015,0.8313,0.844,0.8494,0.9168,1.0,0.7896,0.5371,0.6472,0.6505,0.4959,0.2175,0.099,0.0434,0.1708,0.1979,0.188,0.1108,0.1702,0.0585,0.0638,0.1391,0.0638,0.0581,0.0641,0.1044,0.0732,0.0275,0.0146,0.0091,0.0045,0.0043,0.0043,0.0098,0.0054,0.0051,0.0065,0.0103,Mine
