@relation unknow
@attribute 'attribute_1' real [0.0015,0.1371]
@attribute 'attribute_2' real [6.0E-4,0.2339]
@attribute 'attribute_3' real [0.0015,0.3059]
@attribute 'attribute_4' real [0.0058,0.4264]
@attribute 'attribute_5' real [0.0067,0.401]
@attribute 'attribute_6' real [0.0102,0.3823]
@attribute 'attribute_7' real [0.0033,0.3729]
@attribute 'attribute_8' real [0.0055,0.459]
@attribute 'attribute_9' real [0.0075,0.6828]
@attribute 'attribute_10' real [0.0113,0.7106]
@attribute 'attribute_11' real [0.0289,0.7342]
@attribute 'attribute_12' real [0.0236,0.706]
@attribute 'attribute_13' real [0.0184,0.7131]
@attribute 'attribute_14' real [0.0273,0.997]
@attribute 'attribute_15' real [0.0031,1.0]
@attribute 'attribute_16' real [0.0162,0.9988]
@attribute 'attribute_17' real [0.0349,1.0]
@attribute 'attribute_18' real [0.0375,1.0]
@attribute 'attribute_19' real [0.0494,1.0]
@attribute 'attribute_20' real [0.0656,1.0]
@attribute 'attribute_21' real [0.0512,1.0]
@attribute 'attribute_22' real [0.0219,1.0]
@attribute 'attribute_23' real [0.0563,1.0]
@attribute 'attribute_24' real [0.0239,1.0]
@attribute 'attribute_25' real [0.024,1.0]
@attribute 'attribute_26' real [0.0921,1.0]
@attribute 'attribute_27' real [0.0481,1.0]
@attribute 'attribute_28' real [0.0284,1.0]
@attribute 'attribute_29' real [0.0144,1.0]
@attribute 'attribute_30' real [0.0613,1.0]
@attribute 'attribute_31' real [0.0482,0.9657]
@attribute 'attribute_32' real [0.0404,0.9306]
@attribute 'attribute_33' real [0.0477,1.0]
@attribute 'attribute_34' real [0.0212,0.9647]
@attribute 'attribute_35' real [0.0223,1.0]
@attribute 'attribute_36' real [0.0080,1.0]
@attribute 'attribute_37' real [0.0351,0.9497]
@attribute 'attribute_38' real [0.0383,1.0]
@attribute 'attribute_39' real [0.0371,0.9857]
@attribute 'attribute_40' real [0.0117,0.9297]
@attribute 'attribute_41' real [0.036,0.8995]
@attribute 'attribute_42' real [0.0056,0.8246]
@attribute 'attribute_43' real [0.0,0.7733]
@attribute 'attribute_44' real [0.0,0.7762]
@attribute 'attribute_45' real [0.0,0.7034]
@attribute 'attribute_46' real [0.0,0.7292]
@attribute 'attribute_47' real [0.0,0.5522]
@attribute 'attribute_48' real [0.0,0.3339]
@attribute 'attribute_49' real [0.0,0.1981]
@attribute 'attribute_50' real [0.0,0.0825]
@attribute 'attribute_51' real [0.0,0.1004]
@attribute 'attribute_52' real [8.0E-4,0.0709]
@attribute 'attribute_53' real [5.0E-4,0.039]
@attribute 'attribute_54' real [0.0010,0.0352]
@attribute 'attribute_55' real [6.0E-4,0.0447]
@attribute 'attribute_56' real [4.0E-4,0.0394]
@attribute 'attribute_57' real [3.0E-4,0.0355]
@attribute 'attribute_58' real [3.0E-4,0.044]
@attribute 'attribute_59' real [1.0E-4,0.0364]
@attribute 'attribute_60' real [6.0E-4,0.0439]
@attribute 'Class' {Rock,Mine}
@data
0.02,0.0371,0.0428,0.0207,0.0954,0.0986,0.1539,0.1601,0.3109,0.2111,0.1609,0.1582,0.2238,0.0645,0.066,0.2273,0.31,0.2999,0.5078,0.4797,0.5783,0.5071,0.4328,0.555,0.6711,0.6415,0.7104,0.808,0.6791,0.3857,0.1307,0.2604,0.5121,0.7547,0.8537,0.8507,0.6692,0.6097,0.4943,0.2744,0.051,0.2834,0.2825,0.4256,0.2641,0.1386,0.1051,0.1343,0.0383,0.0324,0.0232,0.0027,0.0065,0.0159,0.0072,0.0167,0.018,0.0084,0.0090,0.0032,Rock
0.0762,0.0666,0.0481,0.0394,0.059,0.0649,0.1209,0.2467,0.3564,0.4459,0.4152,0.3952,0.4256,0.4135,0.4528,0.5326,0.7306,0.6193,0.2032,0.4636,0.4148,0.4292,0.573,0.5399,0.3161,0.2285,0.6995,1.0,0.7262,0.4724,0.5103,0.5459,0.2881,0.0981,0.1951,0.4181,0.4604,0.3217,0.2828,0.243,0.1979,0.2444,0.1847,0.0841,0.0692,0.0528,0.0357,0.0085,0.023,0.0046,0.0156,0.0031,0.0054,0.0105,0.011,0.0015,0.0072,0.0048,0.0107,0.0094,Rock
0.0192,0.0607,0.0378,0.0774,0.1388,0.0809,0.0568,0.0219,0.1037,0.1186,0.1237,0.1601,0.352,0.4479,0.3769,0.5761,0.6426,0.679,0.7157,0.5466,0.5399,0.6362,0.7849,0.7756,0.578,0.4862,0.4181,0.2457,0.0716,0.0613,0.1816,0.4493,0.5976,0.3785,0.2495,0.5771,0.8852,0.8409,0.357,0.3133,0.6096,0.6378,0.2709,0.1419,0.126,0.1288,0.079,0.0829,0.052,0.0216,0.036,0.0331,0.0131,0.012,0.0108,0.0024,0.0045,0.0037,0.0112,0.0075,Rock
0.0126,0.0149,0.0641,0.1732,0.2565,0.2559,0.2947,0.411,0.4983,0.592,0.5832,0.5419,0.5472,0.5314,0.4981,0.6985,0.8292,0.7839,0.8215,0.9363,1.0,0.9224,0.7839,0.547,0.4562,0.5922,0.5448,0.3971,0.0882,0.2385,0.2005,0.0587,0.2544,0.2009,0.0329,0.1547,0.1212,0.2446,0.3171,0.3195,0.3051,0.0836,0.1266,0.1381,0.1136,0.0516,0.0073,0.0278,0.0372,0.0121,0.0153,0.0092,0.0035,0.0098,0.0121,6.0E-4,0.0181,0.0094,0.0116,0.0063,Rock
0.0201,0.0026,0.0138,0.0062,0.0133,0.0151,0.0541,0.021,0.0505,0.1097,0.0841,0.0942,0.1204,0.042,0.0031,0.0162,0.0624,0.2127,0.3436,0.3813,0.3825,0.4764,0.6313,0.7523,0.8675,0.8788,0.7901,0.8357,0.9631,0.9619,0.9236,0.8903,0.9708,0.9647,0.7892,0.5307,0.2718,0.1953,0.1374,0.3105,0.379,0.4105,0.3355,0.2998,0.2748,0.2024,0.1043,0.0453,0.0337,0.0122,0.0072,0.0108,0.0070,0.0063,0.0030,0.0011,7.0E-4,0.0024,0.0057,0.0044,Rock
0.0311,0.0491,0.0692,0.0831,0.0079,0.02,0.0981,0.1016,0.2025,0.0767,0.1767,0.2555,0.2812,0.2722,0.3227,0.3463,0.5395,0.7911,0.9064,0.8701,0.7672,0.2957,0.4148,0.6043,0.3178,0.3482,0.6158,0.8049,0.6289,0.4999,0.583,0.666,0.4124,0.126,0.2487,0.4676,0.5382,0.315,0.2139,0.1848,0.1679,0.2328,0.1015,0.0713,0.0615,0.0779,0.0761,0.0845,0.0592,0.0068,0.0089,0.0087,0.0032,0.013,0.0188,0.0101,0.0229,0.0182,0.0046,0.0038,Rock
0.0087,0.0046,0.0081,0.023,0.0586,0.0682,0.0993,0.0717,0.0576,0.0818,0.1315,0.1862,0.2789,0.2579,0.224,0.2568,0.2933,0.2991,0.3924,0.4691,0.5665,0.6464,0.6774,0.7577,0.8856,0.9419,1.0,0.8564,0.679,0.5587,0.4147,0.2946,0.2025,0.0688,0.1171,0.2157,0.2216,0.2776,0.2309,0.1444,0.1513,0.1745,0.1756,0.1424,0.0908,0.0138,0.0469,0.048,0.0159,0.0045,0.0015,0.0052,0.0038,0.0079,0.0114,0.0050,0.0030,0.0064,0.0058,0.0030,Rock
0.026,0.0192,0.0254,0.0061,0.0352,0.0701,0.1263,0.108,0.1523,0.163,0.103,0.2187,0.1542,0.263,0.294,0.2978,0.0699,0.1401,0.299,0.3915,0.3598,0.2403,0.4208,0.5675,0.6094,0.6323,0.6549,0.7673,1.0,0.8463,0.5509,0.4444,0.5169,0.4268,0.1802,0.0791,0.0535,0.1906,0.2561,0.2153,0.2769,0.2841,0.1733,0.0815,0.0335,0.0933,0.1018,0.0309,0.0208,0.0318,0.0132,0.0118,0.012,0.0051,0.0070,0.0015,0.0035,8.0E-4,0.0044,0.0077,Rock
0.0459,0.0437,0.0347,0.0456,0.0067,0.089,0.1798,0.1741,0.1598,0.1408,0.2693,0.3259,0.4545,0.5785,0.4471,0.2231,0.2164,0.3201,0.2915,0.4235,0.446,0.238,0.6415,0.8966,0.8918,0.7529,0.6838,0.839,1.0,0.8362,0.5427,0.4577,0.8067,0.6973,0.3915,0.1558,0.1598,0.2161,0.5178,0.4782,0.2344,0.3599,0.2785,0.1807,0.0352,0.0473,0.0322,0.0408,0.0163,0.0088,0.0121,0.0067,0.0032,0.0109,0.0164,0.0151,0.0070,0.0085,0.0117,0.0056,Rock
0.0428,0.0555,0.0708,0.0618,0.1215,0.1524,0.1543,0.0391,0.061,0.0113,0.1255,0.2473,0.3011,0.3747,0.452,0.5392,0.6588,0.7113,0.7602,0.8672,0.8416,0.7974,0.8385,0.9317,0.8555,0.6162,0.4139,0.3269,0.3108,0.2554,0.3367,0.4465,0.5,0.5111,0.5194,0.4619,0.4234,0.4372,0.4277,0.4433,0.37,0.3324,0.2564,0.2527,0.2137,0.1789,0.101,0.0528,0.0453,0.0118,9.0E-4,0.0142,0.0179,0.0079,0.0060,0.0131,0.0089,0.0084,0.0113,0.0049,Mine
0.0264,0.0071,0.0342,0.0793,0.1043,0.0783,0.1417,0.1176,0.0453,0.0945,0.1132,0.084,0.0717,0.1968,0.2633,0.4191,0.505,0.6711,0.7922,0.8381,0.8759,0.9422,1.0,0.9931,0.9575,0.8647,0.7215,0.5801,0.4964,0.4886,0.4079,0.2443,0.1768,0.2472,0.3518,0.3762,0.2909,0.2311,0.3168,0.3554,0.3741,0.4443,0.3261,0.1963,0.0864,0.1688,0.1991,0.1217,0.0628,0.0323,0.0253,0.0214,0.0262,0.0177,0.0037,0.0068,0.0121,0.0077,0.0078,0.0066,Mine
0.0454,0.0472,0.0697,0.1021,0.1397,0.1493,0.1487,0.0771,0.1171,0.1675,0.2799,0.3323,0.4012,0.4296,0.535,0.5411,0.687,0.8045,0.9194,0.9169,1.0,0.9972,0.9093,0.7918,0.6705,0.5324,0.3572,0.2484,0.3161,0.3775,0.3138,0.1713,0.2937,0.5234,0.5926,0.5437,0.4516,0.3379,0.3215,0.2178,0.1674,0.2634,0.298,0.2037,0.1155,0.0919,0.0882,0.0228,0.038,0.0142,0.0137,0.012,0.0042,0.0238,0.0129,0.0084,0.0218,0.0321,0.0154,0.0053,Mine
0.0283,0.0599,0.0656,0.0229,0.0839,0.1673,0.1154,0.1098,0.137,0.1767,0.1995,0.2869,0.3275,0.3769,0.4169,0.5036,0.618,0.8025,0.9333,0.9399,0.9275,0.945,0.8328,0.7773,0.7007,0.6154,0.581,0.4454,0.3707,0.2891,0.2185,0.1711,0.3578,0.3947,0.2867,0.2401,0.3619,0.3314,0.3763,0.4767,0.4059,0.3661,0.232,0.145,0.1017,0.1111,0.0655,0.0271,0.0244,0.0179,0.0109,0.0147,0.017,0.0158,0.0046,0.0073,0.0054,0.0033,0.0045,0.0079,Mine
0.0715,0.0849,0.0587,0.0218,0.0862,0.1801,0.1916,0.1896,0.296,0.4186,0.4867,0.5249,0.5959,0.6855,0.8573,0.9718,0.8693,0.8711,0.8954,0.9922,0.898,0.8158,0.8373,0.7541,0.5893,0.5488,0.5643,0.5406,0.4783,0.4439,0.3698,0.2574,0.1478,0.1743,0.1229,0.1588,0.1803,0.1436,0.1667,0.263,0.2234,0.1239,0.0869,0.2092,0.1499,0.0676,0.0899,0.0927,0.0658,0.0086,0.0216,0.0153,0.0121,0.0096,0.0196,0.0042,0.0066,0.0099,0.0083,0.0124,Mine
0.0968,0.0821,0.0629,0.0608,0.0617,0.1207,0.0944,0.4223,0.5744,0.5025,0.3488,0.17,0.2076,0.3087,0.4224,0.5312,0.2436,0.1884,0.1908,0.8321,1.0,0.4076,0.096,0.1928,0.2419,0.379,0.2893,0.3451,0.3777,0.5213,0.2316,0.3335,0.4781,0.6116,0.6705,0.7375,0.7356,0.7792,0.6788,0.5259,0.2762,0.1545,0.2019,0.2231,0.4221,0.3067,0.1329,0.1349,0.1057,0.0499,0.0206,0.0073,0.0081,0.0303,0.019,0.0212,0.0126,0.0201,0.021,0.0041,Mine
0.0233,0.0394,0.0416,0.0547,0.0993,0.1515,0.1674,0.1513,0.1723,0.2078,0.1239,0.0236,0.1771,0.3115,0.499,0.6707,0.7655,0.8485,0.9805,1.0,1.0,0.9992,0.9067,0.6803,0.5103,0.4716,0.498,0.6196,0.7171,0.6316,0.3554,0.2897,0.4316,0.3791,0.2421,0.0944,0.0351,0.0844,0.0436,0.113,0.2045,0.1937,0.0834,0.1502,0.1675,0.1058,0.1111,0.0849,0.0596,0.0201,0.0071,0.0104,0.0062,0.0026,0.0025,0.0061,0.0038,0.0101,0.0078,6.0E-4,Mine
0.0211,0.0128,0.0015,0.045,0.0711,0.1563,0.1518,0.1206,0.1666,0.1345,0.0785,0.0367,0.1227,0.2614,0.428,0.6122,0.7435,0.813,0.9006,0.9603,0.9162,0.914,0.7851,0.5134,0.3439,0.329,0.2571,0.3685,0.5765,0.619,0.4613,0.3615,0.4434,0.3864,0.3093,0.2138,0.1112,0.1386,0.1523,0.0996,0.1644,0.1902,0.1313,0.1776,0.2,0.0765,0.0727,0.0749,0.0449,0.0134,0.0174,0.0117,0.0023,0.0047,0.0049,0.0031,0.0024,0.0039,0.0051,0.0015,Mine
0.0258,0.0433,0.0547,0.0681,0.0784,0.125,0.1296,0.1729,0.2794,0.2954,0.2506,0.2601,0.2249,0.2115,0.127,0.1193,0.1794,0.2185,0.1646,0.074,0.0625,0.2381,0.4824,0.6372,0.7531,0.8959,0.9941,0.9957,0.9328,0.9344,0.8854,0.769,0.6865,0.639,0.6378,0.6629,0.5983,0.4565,0.3129,0.4158,0.4325,0.4031,0.4201,0.4557,0.3955,0.2966,0.2095,0.1558,0.0884,0.0265,0.0121,0.0091,0.0062,0.0019,0.0045,0.0079,0.0031,0.0063,0.0048,0.0050,Mine
0.0305,0.0363,0.0214,0.0227,0.0456,0.0665,0.0939,0.0972,0.2535,0.3127,0.2192,0.2621,0.2419,0.2179,0.1159,0.1237,0.0886,0.1755,0.1758,0.154,0.0512,0.1805,0.4039,0.5697,0.6577,0.7474,0.8543,0.9085,0.8668,0.8892,0.9065,0.8522,0.7204,0.62,0.6253,0.6848,0.7337,0.6281,0.5725,0.6119,0.5597,0.4965,0.5027,0.5772,0.5907,0.4803,0.3877,0.2779,0.1427,0.0424,0.0271,0.02,0.0070,0.0070,0.0086,0.0089,0.0074,0.0042,0.0055,0.0021,Mine
0.0392,0.0108,0.0267,0.0257,0.041,0.0491,0.1053,0.169,0.2105,0.2471,0.268,0.3049,0.2863,0.2294,0.1165,0.2127,0.2062,0.2222,0.3241,0.433,0.5071,0.5944,0.7078,0.7641,0.8878,0.9711,0.988,0.9812,0.9464,0.8542,0.6457,0.3397,0.3828,0.3204,0.1331,0.044,0.1234,0.203,0.1652,0.1043,0.1066,0.211,0.2417,0.1631,0.0769,0.0723,0.0912,0.0812,0.0496,0.0101,0.0089,0.0083,0.0080,0.0026,0.0079,0.0042,0.0071,0.0044,0.0022,0.0014,Mine
