@relation unknow
@attribute 'attribute_1' real [0.0015,0.1371]
@attribute 'attribute_2' real [6.0E-4,0.2339]
@attribute 'attribute_3' real [0.0015,0.3059]
@attribute 'attribute_4' real [0.0058,0.4264]
@attribute 'attribute_5' real [0.0067,0.401]
@attribute 'attribute_6' real [0.0102,0.3823]
@attribute 'attribute_7' real [0.0033,0.3729]
@attribute 'attribute_8' real [0.0055,0.459]
@attribute 'attribute_9' real [0.0075,0.6828]
@attribute 'attribute_10' real [0.0113,0.7106]
@attribute 'attribute_11' real [0.0289,0.7342]
@attribute 'attribute_12' real [0.0236,0.706]
@attribute 'attribute_13' real [0.0184,0.7131]
@attribute 'attribute_14' real [0.0273,0.997]
@attribute 'attribute_15' real [0.0031,1.0]
@attribute 'attribute_16' real [0.0162,0.9988]
@attribute 'attribute_17' real [0.0349,1.0]
@attribute 'attribute_18' real [0.0375,1.0]
@attribute 'attribute_19' real [0.0494,1.0]
@attribute 'attribute_20' real [0.0656,1.0]
@attribute 'attribute_21' real [0.0512,1.0]
@attribute 'attribute_22' real [0.0219,1.0]
@attribute 'attribute_23' real [0.0563,1.0]
@attribute 'attribute_24' real [0.0239,1.0]
@attribute 'attribute_25' real [0.024,1.0]
@attribute 'attribute_26' real [0.0921,1.0]
@attribute 'attribute_27' real [0.0481,1.0]
@attribute 'attribute_28' real [0.0284,1.0]
@attribute 'attribute_29' real [0.0144,1.0]
@attribute 'attribute_30' real [0.0613,1.0]
@attribute 'attribute_31' real [0.0482,0.9657]
@attribute 'attribute_32' real [0.0404,0.9306]
@attribute 'attribute_33' real [0.0477,1.0]
@attribute 'attribute_34' real [0.0212,0.9647]
@attribute 'attribute_35' real [0.0223,1.0]
@attribute 'attribute_36' real [0.0080,1.0]
@attribute 'attribute_37' real [0.0351,0.9497]
@attribute 'attribute_38' real [0.0383,1.0]
@attribute 'attribute_39' real [0.0371,0.9857]
@attribute 'attribute_40' real [0.0117,0.9297]
@attribute 'attribute_41' real [0.036,0.8995]
@attribute 'attribute_42' real [0.0056,0.8246]
@attribute 'attribute_43' real [0.0,0.7733]
@attribute 'attribute_44' real [0.0,0.7762]
@attribute 'attribute_45' real [0.0,0.7034]
@attribute 'attribute_46' real [0.0,0.7292]
@attribute 'attribute_47' real [0.0,0.5522]
@attribute 'attribute_48' real [0.0,0.3339]
@attribute 'attribute_49' real [0.0,0.1981]
@attribute 'attribute_50' real [0.0,0.0825]
@attribute 'attribute_51' real [0.0,0.1004]
@attribute 'attribute_52' real [8.0E-4,0.0709]
@attribute 'attribute_53' real [5.0E-4,0.039]
@attribute 'attribute_54' real [0.0010,0.0352]
@attribute 'attribute_55' real [6.0E-4,0.0447]
@attribute 'attribute_56' real [4.0E-4,0.0394]
@attribute 'attribute_57' real [3.0E-4,0.0355]
@attribute 'attribute_58' real [3.0E-4,0.044]
@attribute 'attribute_59' real [1.0E-4,0.0364]
@attribute 'attribute_60' real [6.0E-4,0.0439]
@attribute 'Class' {Rock,Mine}
@data
0.01,0.0171,0.0623,0.0205,0.0205,0.0368,0.1098,0.1276,0.0598,0.1264,0.0881,0.1992,0.0184,0.2261,0.1729,0.2131,0.0693,0.2281,0.406,0.3973,0.2741,0.369,0.5556,0.4846,0.314,0.5334,0.5256,0.252,0.209,0.3559,0.626,0.734,0.612,0.3497,0.3953,0.3012,0.5408,0.8814,0.9857,0.9167,0.6121,0.5006,0.321,0.3202,0.4295,0.3654,0.2655,0.1576,0.0681,0.0294,0.0241,0.0121,0.0036,0.015,0.0085,0.0073,0.0050,0.0044,0.0040,0.0117,Rock
0.0286,0.0453,0.0277,0.0174,0.0384,0.099,0.1201,0.1833,0.2105,0.3039,0.2988,0.425,0.6343,0.8198,1.0,0.9988,0.9508,0.9025,0.7234,0.5122,0.2074,0.3985,0.589,0.2872,0.2043,0.5782,0.5389,0.375,0.3411,0.5067,0.558,0.4778,0.3299,0.2198,0.1407,0.2856,0.3807,0.4158,0.4054,0.3296,0.2707,0.265,0.0723,0.1238,0.1192,0.1089,0.0623,0.0494,0.0264,0.0081,0.0104,0.0045,0.0014,0.0038,0.0013,0.0089,0.0057,0.0027,0.0051,0.0062,Rock
0.0099,0.0484,0.0299,0.0297,0.0652,0.1077,0.2363,0.2385,0.0075,0.1882,0.1456,0.1892,0.3176,0.134,0.2169,0.2458,0.2589,0.2786,0.2298,0.0656,0.1441,0.1179,0.1668,0.1783,0.2476,0.257,0.1036,0.5356,0.7124,0.6291,0.4756,0.6015,0.7208,0.6234,0.5725,0.7523,0.8712,0.9252,0.9709,0.9297,0.8995,0.7911,0.56,0.2838,0.4407,0.5507,0.4331,0.2905,0.1981,0.0779,0.0396,0.0173,0.0149,0.0115,0.0202,0.0139,0.0029,0.016,0.0106,0.0134,Rock
0.0373,0.0281,0.0232,0.0225,0.0179,0.0733,0.0841,0.1031,0.0993,0.0802,0.1564,0.2565,0.2624,0.1179,0.0597,0.1563,0.2241,0.3586,0.1792,0.3256,0.6079,0.6988,0.8391,0.8553,0.771,0.6215,0.5736,0.4402,0.4056,0.4411,0.513,0.5965,0.7272,0.6539,0.5902,0.5393,0.4897,0.4081,0.4145,0.6003,0.7196,0.6633,0.6287,0.4087,0.3212,0.2518,0.1482,0.0988,0.0317,0.0269,0.0066,8.0E-4,0.0045,0.0024,6.0E-4,0.0073,0.0096,0.0054,0.0085,0.0060,Rock
0.0265,0.044,0.0137,0.0084,0.0305,0.0438,0.0341,0.078,0.0844,0.0779,0.0327,0.206,0.1908,0.1065,0.1457,0.2232,0.207,0.1105,0.1078,0.1165,0.2224,0.0689,0.206,0.2384,0.0904,0.2278,0.5872,0.8457,0.8467,0.7679,0.8055,0.626,0.6545,0.8747,0.9885,0.9348,0.696,0.5733,0.5872,0.6663,0.5651,0.5247,0.3684,0.1997,0.1512,0.0508,0.0931,0.0982,0.0524,0.0188,0.01,0.0038,0.0187,0.0156,0.0068,0.0097,0.0073,0.0081,0.0086,0.0095,Rock
0.0216,0.0215,0.0273,0.0139,0.0357,0.0785,0.0906,0.0908,0.1151,0.0973,0.1203,0.1102,0.1192,0.1762,0.239,0.2138,0.1929,0.1765,0.0746,0.1265,0.2005,0.1571,0.2605,0.5386,0.844,1.0,0.8684,0.6742,0.5537,0.4638,0.3609,0.2055,0.162,0.2092,0.31,0.2344,0.1058,0.0383,0.0528,0.1291,0.2241,0.1915,0.1587,0.0942,0.084,0.067,0.0342,0.0469,0.0357,0.0136,0.0082,0.014,0.0044,0.0052,0.0073,0.0021,0.0047,0.0024,9.0E-4,0.0017,Rock
0.0139,0.0222,0.0089,0.0108,0.0215,0.0136,0.0659,0.0954,0.0786,0.1015,0.1261,0.0828,0.0493,0.0848,0.1514,0.1396,0.1066,0.1923,0.2991,0.3247,0.3797,0.5658,0.7483,0.8757,0.9048,0.7511,0.6858,0.7043,0.5864,0.3773,0.2206,0.2628,0.2672,0.2907,0.1982,0.2288,0.3186,0.2871,0.2921,0.2806,0.2682,0.2112,0.1513,0.1789,0.185,0.1717,0.0898,0.0656,0.0445,0.011,0.0024,0.0062,0.0072,0.0113,0.0012,0.0022,0.0025,0.0059,0.0039,0.0048,Rock
0.0108,0.0086,0.0058,0.046,0.0752,0.0887,0.1015,0.0494,0.0472,0.0393,0.1106,0.1412,0.2202,0.2976,0.4116,0.4754,0.539,0.6279,0.706,0.7918,0.9493,1.0,0.9645,0.9432,0.8658,0.7895,0.6501,0.4492,0.4739,0.6153,0.4929,0.3195,0.3735,0.3336,0.1052,0.0671,0.0379,0.0461,0.1694,0.2169,0.1677,0.0644,0.0159,0.0778,0.0653,0.021,0.0509,0.0387,0.0262,0.0101,0.0161,0.0029,0.0078,0.0114,0.0083,0.0058,3.0E-4,0.0023,0.0026,0.0027,Rock
0.0856,0.0454,0.0382,0.0203,0.0385,0.0534,0.214,0.311,0.2837,0.2751,0.2707,0.0946,0.102,0.4519,0.6737,0.6699,0.7066,0.5632,0.3785,0.2721,0.5297,0.7697,0.8643,0.9304,0.9372,0.6247,0.6024,0.681,0.5047,0.5775,0.4754,0.24,0.2779,0.1997,0.5305,0.7409,0.7775,0.4424,0.1416,0.3508,0.4482,0.4208,0.3054,0.2235,0.2611,0.2798,0.2392,0.2021,0.1326,0.0358,0.0128,0.0172,0.0138,0.0079,0.0037,0.0051,0.0258,0.0102,0.0037,0.0037,Rock
0.0253,0.0808,0.0507,0.0244,0.1724,0.3823,0.3729,0.3583,0.3429,0.2197,0.2653,0.3223,0.5582,0.6916,0.7943,0.7152,0.3512,0.2008,0.2676,0.4299,0.528,0.3489,0.143,0.5453,0.6338,0.7712,0.6838,0.8015,0.8073,0.831,0.7792,0.5049,0.1413,0.2767,0.5084,0.4787,0.1356,0.2299,0.2789,0.3833,0.2933,0.1155,0.1705,0.1294,0.0909,0.08,0.0567,0.0198,0.0114,0.0151,0.0085,0.0178,0.0073,0.0079,0.0038,0.0116,0.0033,0.0039,0.0081,0.0053,Rock
0.0491,0.0279,0.0592,0.127,0.1772,0.1908,0.2217,0.0768,0.1246,0.2028,0.0947,0.2497,0.2209,0.3195,0.334,0.3323,0.278,0.2975,0.2948,0.1729,0.3264,0.3834,0.3523,0.541,0.5228,0.4475,0.534,0.5323,0.3907,0.3456,0.4091,0.4639,0.558,0.5727,0.6355,0.7563,0.6903,0.6176,0.5379,0.5622,0.6508,0.4797,0.3736,0.2804,0.1982,0.2438,0.1789,0.1706,0.0762,0.0238,0.0268,0.0081,0.0129,0.0161,0.0063,0.0119,0.0194,0.014,0.0332,0.0439,Mine
0.0116,0.0179,0.0449,0.1096,0.1913,0.0924,0.0761,0.1092,0.0757,0.1006,0.25,0.3988,0.3809,0.4753,0.6165,0.6464,0.8024,0.9208,0.9832,0.9634,0.8646,0.8325,0.8276,0.8007,0.6102,0.4853,0.4355,0.4307,0.4399,0.3833,0.3032,0.3035,0.3197,0.2292,0.2131,0.2347,0.3201,0.4455,0.3655,0.2715,0.1747,0.1781,0.2199,0.1056,0.0573,0.0307,0.0237,0.047,0.0102,0.0057,0.0031,0.0163,0.0099,0.0084,0.027,0.0277,0.0097,0.0054,0.0148,0.0092,Mine
0.053,0.0885,0.1997,0.2604,0.3225,0.2247,0.0617,0.2287,0.095,0.074,0.161,0.2226,0.2703,0.3365,0.4266,0.4144,0.5655,0.6921,0.8547,0.9234,0.9171,1.0,0.9532,0.9101,0.8337,0.7053,0.6534,0.4483,0.246,0.202,0.1446,0.0994,0.151,0.2392,0.4434,0.5023,0.4441,0.4571,0.3927,0.29,0.3408,0.499,0.3632,0.1387,0.18,0.1299,0.0523,0.0817,0.0469,0.0114,0.0299,0.0244,0.0199,0.0257,0.0082,0.0151,0.0171,0.0146,0.0134,0.0056,Mine
0.0249,0.0119,0.0277,0.076,0.1218,0.1538,0.1192,0.1229,0.2119,0.2531,0.2855,0.2961,0.3341,0.4287,0.5205,0.6087,0.7236,0.7577,0.7726,0.8098,0.8995,0.9247,0.9365,0.9853,0.9776,1.0,0.9896,0.9076,0.7306,0.5758,0.4469,0.3719,0.2079,0.0955,0.0488,0.1406,0.2554,0.2054,0.1614,0.2232,0.1773,0.2293,0.2521,0.1464,0.0673,0.0965,0.1492,0.1128,0.0463,0.0193,0.014,0.0027,0.0068,0.015,0.0012,0.0133,0.0048,0.0244,0.0077,0.0074,Mine
0.0374,0.0586,0.0628,0.0534,0.0255,0.1422,0.2072,0.2734,0.307,0.2597,0.3483,0.3999,0.4574,0.595,0.7924,0.8272,0.8087,0.8977,0.9828,0.8982,0.889,0.9367,0.9122,0.7936,0.6718,0.6318,0.4865,0.3388,0.4832,0.3822,0.3075,0.1267,0.0743,0.151,0.1906,0.1817,0.1709,0.0946,0.2829,0.3006,0.1602,0.1483,0.2875,0.2047,0.1064,0.1395,0.1065,0.0527,0.0395,0.0183,0.0353,0.0118,0.0063,0.0237,0.0032,0.0087,0.0124,0.0113,0.0098,0.0126,Mine
0.0217,0.0152,0.0346,0.0346,0.0484,0.0526,0.0773,0.0862,0.1451,0.211,0.2343,0.2087,0.1645,0.1689,0.165,0.1967,0.2934,0.3709,0.4309,0.4161,0.5116,0.6501,0.7717,0.8491,0.9104,0.8912,0.8189,0.6779,0.5368,0.5207,0.5651,0.5749,0.525,0.4255,0.333,0.2331,0.1451,0.1648,0.2694,0.373,0.4467,0.4133,0.3743,0.3021,0.2069,0.179,0.1689,0.1341,0.0769,0.0222,0.0205,0.0123,0.0067,0.0011,0.0026,0.0049,0.0029,0.0022,0.0022,0.0032,Mine
0.0163,0.0198,0.0202,0.0386,0.0752,0.1444,0.1487,0.1484,0.2442,0.2822,0.3691,0.375,0.3927,0.3308,0.1085,0.1139,0.3446,0.5441,0.647,0.7276,0.7894,0.8264,0.8697,0.7836,0.714,0.5698,0.2908,0.4636,0.6409,0.7405,0.8069,0.842,1.0,0.9536,0.6755,0.3905,0.1249,0.3629,0.6356,0.8116,0.7664,0.5417,0.2614,0.1723,0.2814,0.2764,0.1985,0.1502,0.1219,0.0493,0.0027,0.0077,0.0026,0.0031,0.0083,0.0020,0.0084,0.0108,0.0083,0.0033,Mine
0.0394,0.042,0.0446,0.0551,0.0597,0.1416,0.0956,0.0802,0.1618,0.2558,0.3078,0.3404,0.34,0.3951,0.3352,0.2252,0.2086,0.2248,0.3382,0.4578,0.6474,0.6708,0.7007,0.7619,0.7745,0.6767,0.7373,0.7834,0.9619,1.0,0.8086,0.5558,0.5409,0.4988,0.3108,0.2897,0.2244,0.096,0.2287,0.3228,0.3454,0.3882,0.324,0.0926,0.1173,0.0566,0.0766,0.0969,0.0588,0.0050,0.0118,0.0146,0.0040,0.0114,0.0032,0.0062,0.0101,0.0068,0.0053,0.0087,Mine
0.0156,0.021,0.0282,0.0596,0.0462,0.0779,0.1365,0.078,0.1038,0.1567,0.2476,0.2783,0.2896,0.2956,0.3189,0.1892,0.173,0.2226,0.2427,0.3149,0.4102,0.3808,0.4896,0.6292,0.7519,0.7985,0.883,0.9915,0.9223,0.6981,0.6167,0.5069,0.3921,0.3524,0.2183,0.1245,0.1592,0.1626,0.2356,0.2483,0.2437,0.2715,0.1184,0.1157,0.1449,0.1883,0.1954,0.1492,0.0511,0.0155,0.0189,0.015,0.0060,0.0082,0.0091,0.0038,0.0056,0.0056,0.0048,0.0024,Mine
0.0335,0.0258,0.0398,0.057,0.0529,0.1091,0.1709,0.1684,0.1865,0.266,0.3188,0.3553,0.3116,0.1965,0.178,0.2794,0.287,0.3969,0.5599,0.6936,0.7969,0.7452,0.8203,0.9261,0.881,0.8814,0.9301,0.9955,0.8576,0.6069,0.3934,0.2464,0.1645,0.114,0.0956,0.0080,0.0702,0.0936,0.0894,0.1127,0.0873,0.102,0.1964,0.2256,0.1814,0.2012,0.1688,0.1037,0.0501,0.0136,0.013,0.012,0.0039,0.0053,0.0062,0.0046,0.0045,0.0022,5.0E-4,0.0031,Mine
0.0303,0.0353,0.049,0.0608,0.0167,0.1354,0.1465,0.1123,0.1945,0.2354,0.2898,0.2812,0.1578,0.0273,0.0673,0.1444,0.207,0.2645,0.2828,0.4293,0.5685,0.699,0.7246,0.7622,0.9242,1.0,0.9979,0.8297,0.7032,0.7141,0.6893,0.4961,0.2584,0.0969,0.0776,0.0364,0.1572,0.1823,0.1349,0.0849,0.0492,0.1367,0.1552,0.1548,0.1319,0.0985,0.1258,0.0954,0.0489,0.0241,0.0042,0.0086,0.0046,0.0126,0.0036,0.0035,0.0034,0.0079,0.0036,0.0048,Mine
