@relation unknow
@attribute 'attribute_1' real [0.0015,0.1371]
@attribute 'attribute_2' real [6.0E-4,0.2339]
@attribute 'attribute_3' real [0.0015,0.3059]
@attribute 'attribute_4' real [0.0058,0.4264]
@attribute 'attribute_5' real [0.0067,0.401]
@attribute 'attribute_6' real [0.0102,0.3823]
@attribute 'attribute_7' real [0.0033,0.3729]
@attribute 'attribute_8' real [0.0055,0.459]
@attribute 'attribute_9' real [0.0075,0.6828]
@attribute 'attribute_10' real [0.0113,0.7106]
@attribute 'attribute_11' real [0.0289,0.7342]
@attribute 'attribute_12' real [0.0236,0.706]
@attribute 'attribute_13' real [0.0184,0.7131]
@attribute 'attribute_14' real [0.0273,0.997]
@attribute 'attribute_15' real [0.0031,1.0]
@attribute 'attribute_16' real [0.0162,0.9988]
@attribute 'attribute_17' real [0.0349,1.0]
@attribute 'attribute_18' real [0.0375,1.0]
@attribute 'attribute_19' real [0.0494,1.0]
@attribute 'attribute_20' real [0.0656,1.0]
@attribute 'attribute_21' real [0.0512,1.0]
@attribute 'attribute_22' real [0.0219,1.0]
@attribute 'attribute_23' real [0.0563,1.0]
@attribute 'attribute_24' real [0.0239,1.0]
@attribute 'attribute_25' real [0.024,1.0]
@attribute 'attribute_26' real [0.0921,1.0]
@attribute 'attribute_27' real [0.0481,1.0]
@attribute 'attribute_28' real [0.0284,1.0]
@attribute 'attribute_29' real [0.0144,1.0]
@attribute 'attribute_30' real [0.0613,1.0]
@attribute 'attribute_31' real [0.0482,0.9657]
@attribute 'attribute_32' real [0.0404,0.9306]
@attribute 'attribute_33' real [0.0477,1.0]
@attribute 'attribute_34' real [0.0212,0.9647]
@attribute 'attribute_35' real [0.0223,1.0]
@attribute 'attribute_36' real [0.0080,1.0]
@attribute 'attribute_37' real [0.0351,0.9497]
@attribute 'attribute_38' real [0.0383,1.0]
@attribute 'attribute_39' real [0.0371,0.9857]
@attribute 'attribute_40' real [0.0117,0.9297]
@attribute 'attribute_41' real [0.036,0.8995]
@attribute 'attribute_42' real [0.0056,0.8246]
@attribute 'attribute_43' real [0.0,0.7733]
@attribute 'attribute_44' real [0.0,0.7762]
@attribute 'attribute_45' real [0.0,0.7034]
@attribute 'attribute_46' real [0.0,0.7292]
@attribute 'attribute_47' real [0.0,0.5522]
@attribute 'attribute_48' real [0.0,0.3339]
@attribute 'attribute_49' real [0.0,0.1981]
@attribute 'attribute_50' real [0.0,0.0825]
@attribute 'attribute_51' real [0.0,0.1004]
@attribute 'attribute_52' real [8.0E-4,0.0709]
@attribute 'attribute_53' real [5.0E-4,0.039]
@attribute 'attribute_54' real [0.0010,0.0352]
@attribute 'attribute_55' real [6.0E-4,0.0447]
@attribute 'attribute_56' real [4.0E-4,0.0394]
@attribute 'attribute_57' real [3.0E-4,0.0355]
@attribute 'attribute_58' real [3.0E-4,0.044]
@attribute 'attribute_59' real [1.0E-4,0.0364]
@attribute 'attribute_60' real [6.0E-4,0.0439]
@attribute 'Class' {Rock,Mine}
@data
0.0124,0.0433,0.0604,0.0449,0.0597,0.0355,0.0531,0.0343,0.1052,0.212,0.164,0.1901,0.3026,0.2019,0.0592,0.239,0.3657,0.3809,0.5929,0.6299,0.5801,0.4574,0.4449,0.3691,0.6446,0.894,0.8978,0.498,0.3333,0.235,0.1553,0.3666,0.434,0.3082,0.3024,0.4109,0.5501,0.4129,0.5499,0.5018,0.3132,0.2802,0.2351,0.2298,0.1155,0.0724,0.0621,0.0318,0.045,0.0167,0.0078,0.0083,0.0057,0.0174,0.0188,0.0054,0.0114,0.0196,0.0147,0.0062,Rock
0.0084,0.0153,0.0291,0.0432,0.0951,0.0752,0.0414,0.0259,0.0692,0.1753,0.197,0.1167,0.1683,0.0814,0.2179,0.5121,0.7231,0.7776,0.6222,0.3501,0.3733,0.2622,0.3776,0.7361,0.8673,0.8223,0.7772,0.7862,0.5652,0.3635,0.3534,0.3865,0.337,0.1693,0.2627,0.3195,0.1388,0.1048,0.1681,0.191,0.1174,0.0933,0.0856,0.0951,0.0986,0.0956,0.0426,0.0407,0.0106,0.0179,0.0056,0.0236,0.0114,0.0136,0.0117,0.0060,0.0058,0.0031,0.0072,0.0045,Rock
0.0257,0.0447,0.0388,0.0239,0.1315,0.1323,0.1608,0.2145,0.0847,0.0561,0.0891,0.0861,0.1531,0.1524,0.1849,0.2871,0.2009,0.2748,0.5017,0.2172,0.4978,0.5265,0.3647,0.5768,0.5161,0.5715,0.4006,0.365,0.6685,0.8659,0.8052,0.4082,0.3379,0.5092,0.6776,0.7313,0.6062,0.704,0.8849,0.8979,0.7751,0.7247,0.7733,0.7762,0.6009,0.4514,0.3096,0.1859,0.0956,0.0206,0.0206,0.0096,0.0153,0.0096,0.0131,0.0198,0.0025,0.0199,0.0255,0.018,Rock
0.0308,0.0339,0.0202,0.0889,0.157,0.175,0.092,0.1353,0.1593,0.2795,0.3336,0.294,0.1608,0.3335,0.4985,0.7295,0.735,0.8253,0.8793,0.9657,1.0,0.8707,0.6471,0.5973,0.8218,0.7755,0.6111,0.4195,0.299,0.1354,0.2438,0.5624,0.5555,0.6963,0.7298,0.7022,0.5468,0.1421,0.4738,0.641,0.4375,0.3178,0.2377,0.2808,0.1374,0.1136,0.1034,0.0688,0.0422,0.0117,0.0070,0.0167,0.0127,0.0138,0.0090,0.0051,0.0029,0.0122,0.0056,0.0020,Rock
0.0131,0.0068,0.0308,0.0311,0.0085,0.0767,0.0771,0.064,0.0726,0.0901,0.075,0.0844,0.1226,0.1619,0.2317,0.2934,0.3526,0.3657,0.3221,0.3093,0.4084,0.4285,0.4663,0.5956,0.6948,0.8386,0.8875,0.6404,0.3308,0.3425,0.492,0.4592,0.3034,0.4366,0.5175,0.5122,0.4746,0.4902,0.4603,0.446,0.4196,0.2873,0.2296,0.0949,0.0095,0.0527,0.0383,0.0107,0.0108,0.0077,0.0109,0.0062,0.0028,0.0040,0.0075,0.0039,0.0053,0.0013,0.0052,0.0023,Rock
0.0201,0.0116,0.0123,0.0245,0.0547,0.0208,0.0891,0.0836,0.1335,0.1199,0.1742,0.1387,0.2042,0.258,0.2616,0.2097,0.2532,0.3213,0.4327,0.476,0.5328,0.6057,0.6696,0.7476,0.893,0.9405,1.0,0.9785,0.8473,0.7639,0.6701,0.4989,0.3718,0.2196,0.1416,0.268,0.263,0.3104,0.3392,0.2123,0.117,0.2655,0.2203,0.1541,0.1464,0.1044,0.1225,0.0745,0.049,0.0224,0.0032,0.0076,0.0045,0.0056,0.0075,0.0037,0.0045,0.0029,8.0E-4,0.0018,Rock
0.0216,0.0124,0.0174,0.0152,0.0608,0.1026,0.1139,0.0877,0.116,0.0866,0.1564,0.078,0.0997,0.0915,0.0662,0.1134,0.174,0.2573,0.3294,0.391,0.5438,0.6115,0.7022,0.761,0.7973,0.9105,0.8807,0.7949,0.799,0.718,0.6407,0.6312,0.5929,0.6168,0.6498,0.6764,0.6253,0.5117,0.389,0.3273,0.2509,0.153,0.1323,0.1657,0.1215,0.0978,0.0452,0.0273,0.0179,0.0092,0.0018,0.0052,0.0049,0.0096,0.0134,0.0122,0.0047,0.0018,6.0E-4,0.0023,Rock
0.0036,0.0078,0.0092,0.0387,0.053,0.1197,0.1243,0.1026,0.1239,0.0888,0.0937,0.1245,0.1599,0.1542,0.1846,0.1732,0.1477,0.1748,0.1455,0.1579,0.2257,0.1975,0.3368,0.5828,0.8505,1.0,0.8457,0.6624,0.5564,0.3925,0.3233,0.2054,0.192,0.2227,0.3147,0.2268,0.0795,0.0748,0.1166,0.1969,0.2619,0.2507,0.1983,0.0948,0.0931,0.0965,0.0381,0.0435,0.0336,0.0055,0.0079,0.0119,0.0055,0.0035,0.0036,4.0E-4,0.0018,0.0049,0.0024,0.0016,Rock
0.0239,0.0189,0.0466,0.044,0.0657,0.0742,0.138,0.1099,0.1384,0.1376,0.0938,0.0259,0.1499,0.2851,0.5743,0.8278,0.8669,0.8131,0.9045,0.9046,1.0,0.9976,0.9872,0.9761,0.9009,0.9724,0.9675,0.7633,0.4434,0.3822,0.4727,0.4007,0.3381,0.3172,0.2222,0.0733,0.2692,0.1888,0.0712,0.1062,0.0694,0.03,0.0893,0.1459,0.1348,0.0391,0.0546,0.0469,0.0201,0.0095,0.0155,0.0091,0.0151,0.0080,0.0018,0.0078,0.0045,0.0026,0.0036,0.0024,Rock
0.01,0.0194,0.0155,0.0489,0.0839,0.1009,0.1627,0.2071,0.2696,0.299,0.3242,0.3565,0.3951,0.5201,0.6953,0.8468,1.0,0.9278,0.851,0.801,0.8142,0.8825,0.7302,0.6107,0.7159,0.8458,0.6319,0.4808,0.6291,0.7152,0.6005,0.4235,0.4106,0.3992,0.173,0.1975,0.237,0.1339,0.1583,0.3151,0.1968,0.2054,0.1272,0.1129,0.1946,0.2195,0.193,0.1498,0.0773,0.0196,0.0122,0.013,0.0073,0.0077,0.0075,0.0060,0.0080,0.0019,0.0053,0.0019,Rock
0.0201,0.0423,0.0554,0.0783,0.062,0.0871,0.1201,0.2707,0.1206,0.0279,0.2251,0.2615,0.177,0.3709,0.4533,0.5553,0.4616,0.3797,0.345,0.2665,0.2395,0.1127,0.2556,0.5169,0.3779,0.4082,0.5353,0.5116,0.4544,0.4258,0.3869,0.3939,0.4661,0.3974,0.2194,0.1816,0.1023,0.2108,0.3253,0.3697,0.2912,0.301,0.2563,0.1927,0.2062,0.1751,0.0841,0.1035,0.0641,0.0153,0.0081,0.0191,0.0182,0.016,0.029,0.0090,0.0242,0.0224,0.019,0.0096,Mine
0.0587,0.121,0.1268,0.1498,0.1436,0.0561,0.0832,0.0672,0.1372,0.2352,0.3208,0.4257,0.5201,0.4914,0.595,0.7221,0.9039,0.9111,0.8723,0.7686,0.7326,0.5222,0.3097,0.3172,0.227,0.164,0.1746,0.1835,0.2048,0.1674,0.2767,0.3104,0.3399,0.4441,0.5046,0.2814,0.1681,0.2633,0.3198,0.1933,0.0934,0.0443,0.078,0.0722,0.0405,0.0553,0.1081,0.1139,0.0767,0.0265,0.0215,0.0331,0.0111,0.0088,0.0158,0.0122,0.0038,0.0101,0.0228,0.0124,Mine
0.0162,0.0253,0.0262,0.0386,0.0645,0.0472,0.1056,0.1388,0.0598,0.1334,0.2969,0.4754,0.5677,0.569,0.6421,0.7487,0.8999,1.0,0.969,0.9032,0.7685,0.6998,0.6644,0.5964,0.3711,0.0921,0.0481,0.0876,0.104,0.1714,0.3264,0.4612,0.3939,0.505,0.4833,0.3511,0.2319,0.4029,0.3676,0.151,0.0745,0.1395,0.1552,0.0377,0.0636,0.0443,0.0264,0.0223,0.0187,0.0077,0.0137,0.0071,0.0082,0.0232,0.0198,0.0074,0.0035,0.01,0.0048,0.0019,Mine
0.0162,0.0041,0.0239,0.0441,0.063,0.0921,0.1368,0.1078,0.1552,0.1779,0.2164,0.2568,0.3089,0.3829,0.4393,0.5335,0.5996,0.6728,0.7309,0.8092,0.8941,0.9668,1.0,0.9893,0.9376,0.8991,0.9184,0.9128,0.7811,0.6018,0.3765,0.33,0.228,0.0212,0.1117,0.1788,0.2373,0.2843,0.2241,0.2715,0.3363,0.2546,0.1867,0.216,0.1278,0.0768,0.107,0.0946,0.0636,0.0227,0.0128,0.0173,0.0135,0.0114,0.0062,0.0157,0.0088,0.0036,0.0053,0.0030,Mine
0.0516,0.0944,0.0622,0.0415,0.0995,0.2431,0.1777,0.2018,0.2611,0.1294,0.2646,0.2778,0.4432,0.3672,0.2035,0.2764,0.3252,0.1536,0.2784,0.3508,0.5187,0.7052,0.7143,0.6814,0.51,0.5308,0.6131,0.8388,0.9031,0.8607,0.9656,0.9168,0.7132,0.6898,0.731,0.4134,0.158,0.1819,0.1381,0.296,0.6935,0.8246,0.5351,0.4403,0.6448,0.6214,0.3016,0.1379,0.0364,0.0355,0.0456,0.0432,0.0274,0.0152,0.012,0.0129,0.0020,0.0109,0.0074,0.0078,Mine
0.0209,0.0278,0.0115,0.0445,0.0427,0.0766,0.1458,0.143,0.1894,0.1853,0.1748,0.1556,0.1476,0.1378,0.2584,0.3827,0.4784,0.536,0.6192,0.7912,0.9264,1.0,0.908,0.7435,0.5557,0.3172,0.1295,0.0598,0.2722,0.3616,0.3293,0.4855,0.3936,0.1845,0.0342,0.2489,0.3837,0.3514,0.2654,0.176,0.1599,0.0866,0.059,0.0813,0.0492,0.0417,0.0495,0.0367,0.0115,0.0118,0.0133,0.0096,0.0014,0.0049,0.0039,0.0029,0.0078,0.0047,0.0021,0.0011,Mine
0.0047,0.0059,0.0080,0.0554,0.0883,0.1278,0.1674,0.1373,0.2922,0.3469,0.3265,0.3263,0.2301,0.1253,0.2102,0.2401,0.1928,0.1673,0.1228,0.0902,0.1557,0.3291,0.5268,0.674,0.7906,0.8938,0.9395,0.9493,0.904,0.9151,0.8828,0.8086,0.718,0.672,0.6447,0.6879,0.6241,0.4936,0.4144,0.424,0.4546,0.4392,0.4323,0.4921,0.471,0.3196,0.2241,0.1806,0.099,0.0251,0.0129,0.0095,0.0126,0.0069,0.0039,0.0068,0.0060,0.0045,2.0E-4,0.0029,Mine
0.0137,0.0297,0.0116,0.0082,0.0241,0.0253,0.0279,0.013,0.0489,0.0874,0.11,0.1084,0.1094,0.1023,0.0601,0.0906,0.1313,0.2758,0.366,0.5269,0.581,0.6181,0.5875,0.4639,0.5424,0.7367,0.9089,1.0,0.8247,0.5441,0.3349,0.0877,0.16,0.4169,0.6576,0.739,0.7963,0.7493,0.6795,0.4713,0.2355,0.1704,0.2728,0.4016,0.4125,0.347,0.2739,0.179,0.0922,0.0276,0.0169,0.0081,0.0040,0.0025,0.0036,0.0058,0.0067,0.0035,0.0043,0.0033,Mine
0.0294,0.0123,0.0117,0.0113,0.0497,0.0998,0.1326,0.1117,0.2984,0.3473,0.4231,0.5044,0.5237,0.4398,0.3236,0.2956,0.3286,0.3231,0.4528,0.6339,0.7044,0.8314,0.8449,0.8512,0.9138,0.9985,1.0,0.7544,0.4661,0.3924,0.3849,0.4674,0.4245,0.3095,0.0752,0.2885,0.4072,0.317,0.2863,0.2634,0.0541,0.1874,0.3459,0.4646,0.4366,0.2581,0.1319,0.0505,0.0112,0.0059,0.0041,0.0056,0.0104,0.0079,0.0014,0.0054,0.0015,6.0E-4,0.0081,0.0043,Mine
0.0158,0.0239,0.015,0.0494,0.0988,0.1425,0.1463,0.1219,0.1697,0.1923,0.2361,0.2719,0.3049,0.2986,0.2226,0.1745,0.2459,0.31,0.3572,0.4283,0.4268,0.3735,0.4585,0.6094,0.7221,0.7595,0.8706,1.0,0.9815,0.7187,0.5848,0.4192,0.3756,0.3263,0.1944,0.1394,0.167,0.1275,0.1666,0.2574,0.2258,0.2777,0.1613,0.1335,0.1976,0.1234,0.1554,0.1057,0.049,0.0097,0.0223,0.0121,0.0108,0.0057,0.0028,0.0079,0.0034,0.0046,0.0022,0.0021,Mine
0.026,0.0363,0.0136,0.0272,0.0214,0.0338,0.0655,0.14,0.1843,0.2354,0.272,0.2442,0.1665,0.0336,0.1302,0.1708,0.2177,0.3175,0.3714,0.4552,0.57,0.7397,0.8062,0.8837,0.9432,1.0,0.9375,0.7603,0.7123,0.8358,0.7622,0.4567,0.1715,0.1549,0.1641,0.1869,0.2655,0.1713,0.0959,0.0768,0.0847,0.2076,0.2505,0.1862,0.1439,0.147,0.0991,0.0041,0.0154,0.0116,0.0181,0.0146,0.0129,0.0047,0.0039,0.0061,0.0040,0.0036,0.0061,0.0115,Mine
