@relation unknow
@attribute 'attribute_1' real [0.0015,0.1371]
@attribute 'attribute_2' real [6.0E-4,0.2339]
@attribute 'attribute_3' real [0.0015,0.3059]
@attribute 'attribute_4' real [0.0058,0.4264]
@attribute 'attribute_5' real [0.0067,0.401]
@attribute 'attribute_6' real [0.0102,0.3823]
@attribute 'attribute_7' real [0.0033,0.3729]
@attribute 'attribute_8' real [0.0055,0.459]
@attribute 'attribute_9' real [0.0075,0.6828]
@attribute 'attribute_10' real [0.0113,0.7106]
@attribute 'attribute_11' real [0.0289,0.7342]
@attribute 'attribute_12' real [0.0236,0.706]
@attribute 'attribute_13' real [0.0184,0.7131]
@attribute 'attribute_14' real [0.0273,0.997]
@attribute 'attribute_15' real [0.0031,1.0]
@attribute 'attribute_16' real [0.0162,0.9988]
@attribute 'attribute_17' real [0.0349,1.0]
@attribute 'attribute_18' real [0.0375,1.0]
@attribute 'attribute_19' real [0.0494,1.0]
@attribute 'attribute_20' real [0.0656,1.0]
@attribute 'attribute_21' real [0.0512,1.0]
@attribute 'attribute_22' real [0.0219,1.0]
@attribute 'attribute_23' real [0.0563,1.0]
@attribute 'attribute_24' real [0.0239,1.0]
@attribute 'attribute_25' real [0.024,1.0]
@attribute 'attribute_26' real [0.0921,1.0]
@attribute 'attribute_27' real [0.0481,1.0]
@attribute 'attribute_28' real [0.0284,1.0]
@attribute 'attribute_29' real [0.0144,1.0]
@attribute 'attribute_30' real [0.0613,1.0]
@attribute 'attribute_31' real [0.0482,0.9657]
@attribute 'attribute_32' real [0.0404,0.9306]
@attribute 'attribute_33' real [0.0477,1.0]
@attribute 'attribute_34' real [0.0212,0.9647]
@attribute 'attribute_35' real [0.0223,1.0]
@attribute 'attribute_36' real [0.0080,1.0]
@attribute 'attribute_37' real [0.0351,0.9497]
@attribute 'attribute_38' real [0.0383,1.0]
@attribute 'attribute_39' real [0.0371,0.9857]
@attribute 'attribute_40' real [0.0117,0.9297]
@attribute 'attribute_41' real [0.036,0.8995]
@attribute 'attribute_42' real [0.0056,0.8246]
@attribute 'attribute_43' real [0.0,0.7733]
@attribute 'attribute_44' real [0.0,0.7762]
@attribute 'attribute_45' real [0.0,0.7034]
@attribute 'attribute_46' real [0.0,0.7292]
@attribute 'attribute_47' real [0.0,0.5522]
@attribute 'attribute_48' real [0.0,0.3339]
@attribute 'attribute_49' real [0.0,0.1981]
@attribute 'attribute_50' real [0.0,0.0825]
@attribute 'attribute_51' real [0.0,0.1004]
@attribute 'attribute_52' real [8.0E-4,0.0709]
@attribute 'attribute_53' real [5.0E-4,0.039]
@attribute 'attribute_54' real [0.0010,0.0352]
@attribute 'attribute_55' real [6.0E-4,0.0447]
@attribute 'attribute_56' real [4.0E-4,0.0394]
@attribute 'attribute_57' real [3.0E-4,0.0355]
@attribute 'attribute_58' real [3.0E-4,0.044]
@attribute 'attribute_59' real [1.0E-4,0.0364]
@attribute 'attribute_60' real [6.0E-4,0.0439]
@attribute 'Class' {Rock,Mine}
@data
0.0664,0.0575,0.0842,0.0372,0.0458,0.0771,0.0771,0.113,0.2353,0.1838,0.2869,0.4129,0.3647,0.1984,0.284,0.4039,0.5837,0.6792,0.6086,0.4858,0.3246,0.2013,0.2082,0.1686,0.2484,0.2736,0.2984,0.4655,0.699,0.7474,0.7956,0.7981,0.6715,0.6942,0.744,0.8169,0.8912,1.0,0.8753,0.7061,0.6803,0.5898,0.4618,0.3639,0.1492,0.1216,0.1306,0.1198,0.0578,0.0235,0.0135,0.0141,0.019,0.0043,0.0036,0.0026,0.0024,0.0162,0.0109,0.0079,Rock
0.0293,0.0644,0.039,0.0173,0.0476,0.0816,0.0993,0.0315,0.0736,0.086,0.0414,0.0472,0.0835,0.0938,0.1466,0.0809,0.1179,0.2179,0.3326,0.3258,0.2111,0.2302,0.3361,0.4259,0.4609,0.2606,0.0874,0.2862,0.5606,0.8344,0.8096,0.725,0.8048,0.9435,1.0,0.896,0.5516,0.3037,0.2338,0.2382,0.3318,0.3821,0.1575,0.2228,0.1582,0.1433,0.1634,0.1133,0.0567,0.0133,0.017,0.0035,0.0052,0.0083,0.0078,0.0075,0.0105,0.016,0.0095,0.0011,Rock
0.0151,0.032,0.0599,0.105,0.1163,0.1734,0.1679,0.1119,0.0889,0.1205,0.0847,0.1518,0.2305,0.2793,0.3404,0.4527,0.695,0.8807,0.9154,0.7542,0.6736,0.7146,0.8335,0.7701,0.6993,0.6543,0.504,0.4926,0.4992,0.4161,0.1631,0.0404,0.0637,0.2962,0.3609,0.1866,0.0476,0.1497,0.2405,0.198,0.3175,0.2379,0.1716,0.1559,0.1556,0.0422,0.0493,0.0476,0.0219,0.0059,0.0086,0.0061,0.0015,0.0084,0.0128,0.0054,0.0011,0.0019,0.0023,0.0062,Rock
0.0189,0.0308,0.0197,0.0622,0.0080,0.0789,0.144,0.1451,0.1789,0.2522,0.2607,0.371,0.3906,0.2672,0.2716,0.4183,0.6988,0.5733,0.2226,0.2631,0.7473,0.7263,0.3393,0.2824,0.6053,0.5897,0.4967,0.8616,0.8339,0.4084,0.2268,0.1745,0.0507,0.1588,0.304,0.1369,0.1605,0.2061,0.0734,0.0202,0.1638,0.1583,0.183,0.1886,0.1008,0.0663,0.0183,0.0404,0.0108,0.0143,0.0091,0.0038,0.0096,0.0142,0.019,0.014,0.0099,0.0092,0.0052,0.0075,Rock
0.0123,0.0022,0.0196,0.0206,0.018,0.0492,0.0033,0.0398,0.0791,0.0475,0.1152,0.052,0.1192,0.1943,0.184,0.2077,0.1956,0.163,0.1218,0.1017,0.1354,0.3157,0.4645,0.5906,0.6776,0.8119,0.8594,0.9228,0.8387,0.7238,0.6292,0.5181,0.4629,0.5255,0.5147,0.3929,0.1279,0.0411,0.0859,0.1131,0.1306,0.1757,0.2648,0.1955,0.0656,0.058,0.0319,0.0301,0.0272,0.0074,0.0149,0.0125,0.0134,0.0026,0.0038,0.0018,0.0113,0.0058,0.0047,0.0071,Rock
0.0091,0.0213,0.0206,0.0505,0.0657,0.0795,0.097,0.0872,0.0743,0.0837,0.1579,0.0898,0.0309,0.1856,0.2969,0.2032,0.1264,0.1655,0.1661,0.2091,0.231,0.446,0.6634,0.6933,0.7663,0.8206,0.7049,0.756,0.7466,0.6387,0.4846,0.3328,0.5356,0.8741,0.8573,0.6718,0.3446,0.315,0.2702,0.2598,0.2742,0.3594,0.4382,0.246,0.0758,0.0187,0.0797,0.0748,0.0367,0.0155,0.03,0.0112,0.0112,0.0102,0.0026,0.0097,0.0098,0.0043,0.0071,0.0108,Rock
0.013,6.0E-4,0.0088,0.0456,0.0525,0.0778,0.0931,0.0941,0.1711,0.1483,0.1532,0.11,0.089,0.1236,0.1197,0.1145,0.2137,0.2838,0.364,0.543,0.6673,0.7979,0.9273,0.9027,0.9192,1.0,0.9821,0.9092,0.8184,0.6962,0.59,0.5447,0.5142,0.5389,0.5531,0.5318,0.4826,0.379,0.1831,0.175,0.1679,0.0674,0.0609,0.0375,0.0533,0.0278,0.0179,0.0114,0.0073,0.0116,0.0092,0.0078,0.0041,0.0013,0.0011,0.0045,0.0039,0.0022,0.0023,0.0016,Rock
0.0067,0.0096,0.0024,0.0058,0.0197,0.0618,0.0432,0.0951,0.0836,0.118,0.0978,0.0909,0.0656,0.0593,0.0832,0.1297,0.2038,0.3811,0.4451,0.5224,0.5911,0.6566,0.6308,0.5998,0.4958,0.5647,0.6906,0.8513,1.0,0.9166,0.7676,0.6177,0.5468,0.5516,0.5463,0.5515,0.4561,0.3466,0.3384,0.2853,0.2502,0.1641,0.1605,0.1491,0.1326,0.0687,0.0602,0.0561,0.0306,0.0154,0.0029,0.0048,0.0023,0.0020,0.0040,0.0019,0.0034,0.0034,0.0051,0.0031,Rock
0.0217,0.034,0.0392,0.0236,0.1081,0.1164,0.1398,0.1009,0.1147,0.1777,0.4079,0.4113,0.3973,0.5078,0.6509,0.8073,0.9819,1.0,0.9407,0.8452,0.8106,0.846,0.6212,0.5815,0.7745,0.8204,0.5601,0.2989,0.5009,0.6628,0.5753,0.4055,0.3746,0.3481,0.158,0.1422,0.213,0.1866,0.1003,0.2396,0.2241,0.2029,0.071,0.1606,0.1669,0.17,0.1829,0.1403,0.0506,0.0224,0.0095,0.0031,0.0103,0.0078,0.0077,0.0094,0.0031,0.0030,0.0013,0.0069,Rock
0.0629,0.1065,0.1526,0.1229,0.1437,0.119,0.0884,0.0907,0.2107,0.3597,0.5466,0.5205,0.5127,0.5395,0.6558,0.8705,0.9786,0.9335,0.7917,0.7383,0.6908,0.385,0.0671,0.0502,0.2717,0.2839,0.2234,0.1911,0.0408,0.2531,0.1979,0.1891,0.2433,0.1956,0.2667,0.134,0.1073,0.2023,0.1794,0.0227,0.1313,0.1775,0.1549,0.1626,0.0708,0.0129,0.0795,0.0762,0.0117,0.0061,0.0257,0.0089,0.0262,0.0108,0.0138,0.0187,0.023,0.0057,0.0113,0.0131,Mine
0.0731,0.1249,0.1665,0.1496,0.1443,0.277,0.2555,0.1712,0.0466,0.1114,0.1739,0.316,0.3249,0.2164,0.2031,0.258,0.1796,0.2422,0.3609,0.181,0.2604,0.6572,0.9734,0.9757,0.8079,0.6521,0.4915,0.5363,0.7649,0.525,0.5101,0.4219,0.416,0.1906,0.0223,0.4219,0.5496,0.2483,0.2034,0.2729,0.2837,0.4463,0.3178,0.0807,0.1192,0.2134,0.3241,0.2945,0.1474,0.0211,0.0361,0.0444,0.023,0.029,0.0141,0.0161,0.0177,0.0194,0.0207,0.0057,Mine
0.0412,0.1135,0.0518,0.0232,0.0646,0.1124,0.1787,0.2407,0.2682,0.2058,0.1546,0.2671,0.3141,0.2904,0.3531,0.5079,0.4639,0.1859,0.4474,0.4079,0.54,0.4786,0.4332,0.6113,0.5091,0.4606,0.7243,0.8987,0.8826,0.9201,0.8005,0.6033,0.212,0.2866,0.4033,0.2803,0.3087,0.355,0.2545,0.1432,0.5869,0.6431,0.5826,0.4286,0.4894,0.5777,0.4315,0.264,0.1794,0.0772,0.0798,0.0376,0.0143,0.0272,0.0127,0.0166,0.0095,0.0225,0.0098,0.0085,Mine
0.0526,0.0563,0.1219,0.1206,0.0246,0.1022,0.0539,0.0439,0.2291,0.1632,0.2544,0.2807,0.3011,0.3361,0.3024,0.2285,0.291,0.1316,0.1151,0.3404,0.5562,0.6379,0.6553,0.7384,0.6534,0.5423,0.6877,0.7325,0.7726,0.8229,0.8787,0.9108,0.6705,0.6092,0.7505,0.4775,0.1666,0.3749,0.3776,0.2106,0.5886,0.5628,0.2577,0.5245,0.6149,0.5123,0.3385,0.1499,0.0546,0.027,0.038,0.0339,0.0149,0.0335,0.0376,0.0174,0.0132,0.0103,0.0364,0.0208,Mine
0.0299,0.0688,0.0992,0.1021,0.08,0.0629,0.013,0.0813,0.1761,0.0998,0.0523,0.0904,0.2655,0.3099,0.352,0.3892,0.3962,0.2449,0.2355,0.3045,0.3112,0.4698,0.5534,0.4532,0.4464,0.467,0.4621,0.6988,0.7626,0.7025,0.7382,0.7446,0.7927,0.5227,0.3967,0.3042,0.1309,0.2408,0.178,0.1598,0.5657,0.6443,0.4241,0.4567,0.576,0.5293,0.3287,0.1283,0.0698,0.0334,0.0342,0.0459,0.0277,0.0172,0.0087,0.0046,0.0203,0.013,0.0115,0.0015,Mine
0.0712,0.0901,0.1276,0.1497,0.1284,0.1165,0.1285,0.1684,0.183,0.2127,0.2891,0.3985,0.4576,0.5821,0.5027,0.193,0.2579,0.3177,0.2745,0.6186,0.8958,0.7442,0.5188,0.2811,0.1773,0.6607,0.7576,0.5122,0.4701,0.5479,0.4347,0.1276,0.0846,0.0927,0.0313,0.0998,0.1781,0.1586,0.3001,0.2208,0.1455,0.2895,0.3203,0.1414,0.0629,0.0734,0.0805,0.0608,0.0565,0.0286,0.0154,0.0154,0.0156,0.0054,0.0030,0.0048,0.0087,0.0101,0.0095,0.0068,Mine
0.0197,0.0394,0.0384,0.0076,0.0251,0.0629,0.0747,0.0578,0.1357,0.1695,0.1734,0.247,0.3141,0.3297,0.2759,0.2056,0.1162,0.1884,0.339,0.3926,0.4282,0.5418,0.6448,0.7223,0.7853,0.7984,0.8847,0.9582,0.899,0.6831,0.6108,0.548,0.5058,0.4476,0.2401,0.1405,0.1772,0.1742,0.3326,0.4021,0.3009,0.2075,0.1206,0.0255,0.0298,0.0691,0.0781,0.0777,0.0369,0.0057,0.0091,0.0134,0.0097,0.0042,0.0058,0.0072,0.0041,0.0045,0.0047,0.0054,Mine
0.0315,0.0252,0.0167,0.0479,0.0902,0.1057,0.1024,0.1209,0.1241,0.1533,0.2128,0.2536,0.2686,0.2803,0.1886,0.1485,0.216,0.2417,0.2989,0.3341,0.3786,0.3956,0.5232,0.6913,0.7868,0.8337,0.9199,1.0,0.899,0.6456,0.5967,0.4355,0.2997,0.2294,0.1866,0.0922,0.1829,0.1743,0.2452,0.2407,0.2518,0.3184,0.1685,0.0675,0.1186,0.1833,0.1878,0.1114,0.031,0.0143,0.0138,0.0108,0.0062,0.0044,0.0072,7.0E-4,0.0054,0.0035,1.0E-4,0.0055,Mine
0.0366,0.0421,0.0504,0.025,0.0596,0.0252,0.0958,0.0991,0.1419,0.1847,0.2222,0.2648,0.2508,0.2291,0.1555,0.1863,0.2387,0.3345,0.5233,0.6684,0.7766,0.7928,0.794,0.9129,0.9498,0.9835,1.0,0.9471,0.8237,0.6252,0.4181,0.3209,0.2658,0.2196,0.1588,0.0561,0.0948,0.17,0.1215,0.1282,0.0386,0.1329,0.2331,0.2468,0.196,0.1985,0.157,0.0921,0.0549,0.0194,0.0166,0.0132,0.0027,0.0022,0.0059,0.0016,0.0025,0.0017,0.0027,0.0027,Mine
0.0238,0.0318,0.0422,0.0399,0.0788,0.0766,0.0881,0.1143,0.1594,0.2048,0.2652,0.31,0.2381,0.1918,0.143,0.1735,0.1781,0.2852,0.5036,0.6166,0.7616,0.8125,0.7793,0.8788,0.8813,0.947,1.0,0.9739,0.8446,0.6151,0.4302,0.3165,0.2869,0.2017,0.1206,0.0271,0.058,0.1262,0.1072,0.1082,0.036,0.1197,0.2061,0.2054,0.1878,0.2047,0.1716,0.1069,0.0477,0.017,0.0186,0.0096,0.0071,0.0084,0.0038,0.0026,0.0028,0.0013,0.0035,0.0060,Mine
0.0131,0.0387,0.0329,0.0078,0.0721,0.1341,0.1626,0.1902,0.261,0.3193,0.3468,0.3738,0.3055,0.1926,0.1385,0.2122,0.2758,0.4576,0.6487,0.7154,0.801,0.7924,0.8793,1.0,0.9865,0.9474,0.9474,0.9315,0.8326,0.6213,0.3772,0.2822,0.2042,0.219,0.2223,0.1327,0.0521,0.0618,0.1416,0.146,0.0846,0.1055,0.1639,0.1916,0.2085,0.2335,0.1964,0.13,0.0633,0.0183,0.0137,0.015,0.0076,0.0032,0.0037,0.0071,0.0040,9.0E-4,0.0015,0.0085,Mine
