@relation unknow
@attribute 'attribute_1' real [0.0015,0.1371]
@attribute 'attribute_2' real [6.0E-4,0.2339]
@attribute 'attribute_3' real [0.0015,0.3059]
@attribute 'attribute_4' real [0.0058,0.4264]
@attribute 'attribute_5' real [0.0067,0.401]
@attribute 'attribute_6' real [0.0102,0.3823]
@attribute 'attribute_7' real [0.0033,0.3729]
@attribute 'attribute_8' real [0.0055,0.459]
@attribute 'attribute_9' real [0.0075,0.6828]
@attribute 'attribute_10' real [0.0113,0.7106]
@attribute 'attribute_11' real [0.0289,0.7342]
@attribute 'attribute_12' real [0.0236,0.706]
@attribute 'attribute_13' real [0.0184,0.7131]
@attribute 'attribute_14' real [0.0273,0.997]
@attribute 'attribute_15' real [0.0031,1.0]
@attribute 'attribute_16' real [0.0162,0.9988]
@attribute 'attribute_17' real [0.0349,1.0]
@attribute 'attribute_18' real [0.0375,1.0]
@attribute 'attribute_19' real [0.0494,1.0]
@attribute 'attribute_20' real [0.0656,1.0]
@attribute 'attribute_21' real [0.0512,1.0]
@attribute 'attribute_22' real [0.0219,1.0]
@attribute 'attribute_23' real [0.0563,1.0]
@attribute 'attribute_24' real [0.0239,1.0]
@attribute 'attribute_25' real [0.024,1.0]
@attribute 'attribute_26' real [0.0921,1.0]
@attribute 'attribute_27' real [0.0481,1.0]
@attribute 'attribute_28' real [0.0284,1.0]
@attribute 'attribute_29' real [0.0144,1.0]
@attribute 'attribute_30' real [0.0613,1.0]
@attribute 'attribute_31' real [0.0482,0.9657]
@attribute 'attribute_32' real [0.0404,0.9306]
@attribute 'attribute_33' real [0.0477,1.0]
@attribute 'attribute_34' real [0.0212,0.9647]
@attribute 'attribute_35' real [0.0223,1.0]
@attribute 'attribute_36' real [0.0080,1.0]
@attribute 'attribute_37' real [0.0351,0.9497]
@attribute 'attribute_38' real [0.0383,1.0]
@attribute 'attribute_39' real [0.0371,0.9857]
@attribute 'attribute_40' real [0.0117,0.9297]
@attribute 'attribute_41' real [0.036,0.8995]
@attribute 'attribute_42' real [0.0056,0.8246]
@attribute 'attribute_43' real [0.0,0.7733]
@attribute 'attribute_44' real [0.0,0.7762]
@attribute 'attribute_45' real [0.0,0.7034]
@attribute 'attribute_46' real [0.0,0.7292]
@attribute 'attribute_47' real [0.0,0.5522]
@attribute 'attribute_48' real [0.0,0.3339]
@attribute 'attribute_49' real [0.0,0.1981]
@attribute 'attribute_50' real [0.0,0.0825]
@attribute 'attribute_51' real [0.0,0.1004]
@attribute 'attribute_52' real [8.0E-4,0.0709]
@attribute 'attribute_53' real [5.0E-4,0.039]
@attribute 'attribute_54' real [0.0010,0.0352]
@attribute 'attribute_55' real [6.0E-4,0.0447]
@attribute 'attribute_56' real [4.0E-4,0.0394]
@attribute 'attribute_57' real [3.0E-4,0.0355]
@attribute 'attribute_58' real [3.0E-4,0.044]
@attribute 'attribute_59' real [1.0E-4,0.0364]
@attribute 'attribute_60' real [6.0E-4,0.0439]
@attribute 'Class' {Rock,Mine}
@data
0.0223,0.0375,0.0484,0.0475,0.0647,0.0591,0.0753,0.0098,0.0684,0.1487,0.1156,0.1654,0.3833,0.3598,0.1713,0.1136,0.0349,0.3796,0.7401,0.9925,0.9802,0.889,0.6712,0.4286,0.3374,0.7366,0.9611,0.7353,0.4856,0.1594,0.3007,0.4096,0.317,0.3305,0.3408,0.2186,0.2463,0.2726,0.168,0.2792,0.2558,0.174,0.2121,0.1099,0.0985,0.1271,0.1459,0.1164,0.0777,0.0439,0.0061,0.0145,0.0128,0.0145,0.0058,0.0049,0.0065,0.0093,0.0059,0.0022,Rock
0.0164,0.0173,0.0347,0.0070,0.0187,0.0671,0.1056,0.0697,0.0962,0.0251,0.0801,0.1056,0.1266,0.089,0.0198,0.1133,0.2826,0.3234,0.3238,0.4333,0.6068,0.7652,0.9203,0.9719,0.9207,0.7545,0.8289,0.8907,0.7309,0.6896,0.5829,0.4935,0.3101,0.0306,0.0244,0.1108,0.1594,0.1371,0.0696,0.0452,0.062,0.1421,0.1597,0.1384,0.0372,0.0688,0.0867,0.0513,0.0092,0.0198,0.0118,0.0090,0.0223,0.0179,0.0084,0.0068,0.0032,0.0035,0.0056,0.0040,Rock
0.0298,0.0615,0.065,0.0921,0.1615,0.2294,0.2176,0.2033,0.1459,0.0852,0.2476,0.3645,0.2777,0.2826,0.3237,0.4335,0.5638,0.4555,0.4348,0.6433,0.3932,0.1989,0.354,0.9165,0.9371,0.462,0.2771,0.6613,0.8028,0.42,0.5192,0.6962,0.5792,0.8889,0.7863,0.7133,0.7615,0.4401,0.3009,0.3163,0.2809,0.2898,0.0526,0.1867,0.1553,0.1633,0.1252,0.0748,0.0452,0.0064,0.0154,0.0031,0.0153,0.0071,0.0212,0.0076,0.0152,0.0049,0.02,0.0073,Rock
0.0333,0.0221,0.027,0.0481,0.0679,0.0981,0.0843,0.1172,0.0759,0.092,0.1475,0.0522,0.1119,0.097,0.1174,0.1678,0.1642,0.1205,0.0494,0.1544,0.3485,0.6146,0.9146,0.9364,0.8677,0.8772,0.8553,0.8833,1.0,0.8296,0.6601,0.5499,0.5716,0.6859,0.6825,0.5142,0.275,0.1358,0.1551,0.2646,0.1994,0.1883,0.2746,0.1651,0.0575,0.0695,0.0598,0.0456,0.0021,0.0068,0.0036,0.0022,0.0032,0.0060,0.0054,0.0063,0.0143,0.0132,0.0051,0.0041,Rock
0.0093,0.0269,0.0217,0.0339,0.0305,0.1172,0.145,0.0638,0.074,0.136,0.2132,0.3738,0.3738,0.2673,0.2333,0.5367,0.7312,0.7659,0.6271,0.4395,0.433,0.4326,0.5544,0.736,0.8589,0.8989,0.942,0.9401,0.9379,0.8575,0.7284,0.67,0.7547,0.8773,0.9919,0.9922,0.9419,0.8388,0.6605,0.4816,0.2917,0.1769,0.1136,0.0701,0.1578,0.1938,0.1106,0.0693,0.0176,0.0205,0.0309,0.0212,0.0091,0.0056,0.0086,0.0092,0.0070,0.0116,0.0060,0.011,Rock
0.0408,0.0653,0.0397,0.0604,0.0496,0.1817,0.1178,0.1024,0.0583,0.2176,0.2459,0.3332,0.3087,0.2613,0.3232,0.3731,0.4203,0.5364,0.7062,0.8196,0.8835,0.8299,0.7609,0.7605,0.8367,0.8905,0.7652,0.5897,0.3037,0.0823,0.2787,0.7241,0.8032,0.805,0.7676,0.7468,0.6253,0.173,0.2916,0.5003,0.522,0.4824,0.4004,0.3877,0.1651,0.0442,0.0663,0.0418,0.0475,0.0235,0.0066,0.0062,0.0129,0.0184,0.0069,0.0198,0.0199,0.0102,0.0070,0.0055,Rock
0.0378,0.0318,0.0423,0.035,0.1787,0.1635,0.0887,0.0817,0.1779,0.2053,0.3135,0.3118,0.3686,0.3885,0.585,0.7868,0.9739,1.0,0.9843,0.861,0.8443,0.9061,0.5847,0.4033,0.5946,0.6793,0.6389,0.5002,0.5578,0.4831,0.4729,0.3318,0.3969,0.3894,0.2314,0.1036,0.1312,0.0864,0.2569,0.3179,0.2649,0.2714,0.1713,0.0584,0.123,0.22,0.2198,0.1074,0.0423,0.0162,0.0093,0.0046,0.0044,0.0078,0.0102,0.0065,0.0061,0.0062,0.0043,0.0053,Rock
0.0188,0.037,0.0953,0.0824,0.0249,0.0488,0.1424,0.1972,0.1873,0.1806,0.2139,0.1523,0.1975,0.4844,0.7298,0.7807,0.7906,0.6122,0.42,0.2807,0.5148,0.7569,0.8596,1.0,0.8457,0.6797,0.6971,0.5843,0.4772,0.5201,0.4241,0.1592,0.1668,0.0588,0.3967,0.7147,0.7319,0.3509,0.0589,0.269,0.42,0.3874,0.244,0.2,0.2307,0.1886,0.196,0.1701,0.1366,0.0398,0.0143,0.0093,0.0033,0.0113,0.0030,0.0057,0.0090,0.0057,0.0068,0.0024,Rock
0.0235,0.0291,0.0749,0.0519,0.0227,0.0834,0.0677,0.2002,0.2876,0.3674,0.2974,0.0837,0.1912,0.504,0.6352,0.6804,0.7505,0.6595,0.4509,0.2964,0.4019,0.6794,0.8297,1.0,0.824,0.7115,0.7726,0.6124,0.4936,0.5648,0.4906,0.182,0.1811,0.1107,0.4603,0.665,0.6423,0.2166,0.1951,0.4947,0.4925,0.4041,0.2402,0.1392,0.1779,0.1946,0.1723,0.1522,0.0929,0.0179,0.0242,0.0083,0.0037,0.0095,0.0105,0.0030,0.0132,0.0068,0.0108,0.0090,Rock
0.0363,0.0478,0.0298,0.021,0.1409,0.1916,0.1349,0.1613,0.1703,0.1444,0.1989,0.2154,0.2863,0.357,0.398,0.4359,0.5334,0.6304,0.6995,0.7435,0.8379,0.8641,0.9014,0.9432,0.9536,1.0,0.9547,0.9745,0.8962,0.7196,0.5462,0.3156,0.2525,0.1969,0.2189,0.1533,0.0711,0.1498,0.1755,0.2276,0.1322,0.1056,0.1973,0.1692,0.1881,0.1177,0.0779,0.0495,0.0492,0.0194,0.025,0.0115,0.019,0.0055,0.0096,0.0050,0.0066,0.0114,0.0073,0.0033,Mine
0.027,0.0163,0.0341,0.0247,0.0822,0.1256,0.1323,0.1584,0.2017,0.2122,0.221,0.2399,0.2964,0.4061,0.5095,0.5512,0.6613,0.6804,0.652,0.6788,0.7811,0.8369,0.8969,0.9856,1.0,0.9395,0.8917,0.8105,0.6828,0.5572,0.4301,0.3339,0.2035,0.0798,0.0809,0.1525,0.2626,0.2456,0.198,0.2412,0.2409,0.1901,0.2077,0.1767,0.1119,0.0779,0.1344,0.096,0.0598,0.033,0.0197,0.0189,0.0204,0.0085,0.0043,0.0092,0.0138,0.0094,0.0105,0.0093,Mine
0.0209,0.0261,0.012,0.0768,0.1064,0.168,0.3016,0.346,0.3314,0.4125,0.3943,0.1334,0.4622,0.997,0.9137,0.8292,0.6994,0.7825,0.8789,0.8501,0.892,0.9473,1.0,0.8975,0.7806,0.8321,0.6502,0.4548,0.4732,0.3391,0.2747,0.0978,0.0477,0.1403,0.1834,0.2148,0.1271,0.1912,0.3391,0.3444,0.2369,0.1195,0.2665,0.2587,0.1393,0.1083,0.1383,0.1321,0.1069,0.0325,0.0316,0.0057,0.0159,0.0085,0.0372,0.0101,0.0127,0.0288,0.0129,0.0023,Mine
0.115,0.1163,0.0866,0.0358,0.0232,0.1267,0.2417,0.2661,0.4346,0.5378,0.3816,0.0991,0.0616,0.1795,0.3907,0.3602,0.3041,0.2428,0.406,0.8395,0.9777,0.468,0.061,0.2143,0.1348,0.2854,0.1617,0.2649,0.4565,0.6502,0.2848,0.3296,0.537,0.6627,0.8626,0.8547,0.7848,0.9016,0.8827,0.6086,0.281,0.0906,0.1177,0.2694,0.5214,0.4232,0.234,0.1928,0.1092,0.0507,0.0228,0.0099,0.0065,0.0085,0.0166,0.011,0.019,0.0141,0.0068,0.0086,Mine
0.0707,0.1252,0.1447,0.1644,0.1693,0.0844,0.0715,0.0947,0.1583,0.1247,0.234,0.1764,0.2284,0.3115,0.4725,0.5543,0.5386,0.3746,0.4583,0.5961,0.7464,0.7644,0.5711,0.6257,0.6695,0.7131,0.7567,0.8077,0.8477,0.9289,0.9513,0.7995,0.4362,0.4048,0.4952,0.1712,0.3652,0.3763,0.2841,0.0427,0.5331,0.6952,0.4288,0.3063,0.5835,0.5692,0.263,0.1196,0.0983,0.0374,0.0291,0.0156,0.0197,0.0135,0.0127,0.0138,0.0133,0.0131,0.0154,0.0218,Mine
0.0721,0.1574,0.1112,0.1085,0.0666,0.18,0.1108,0.2794,0.1408,0.0795,0.2534,0.392,0.3375,0.161,0.1889,0.3308,0.2282,0.2177,0.1853,0.5167,0.5342,0.6298,0.8437,0.6756,0.5825,0.6141,0.8809,0.8375,0.3869,0.5051,0.5455,0.4241,0.1534,0.495,0.6983,0.7109,0.5647,0.487,0.5515,0.4433,0.525,0.6075,0.5251,0.1359,0.4268,0.4442,0.2193,0.09,0.12,0.0628,0.0234,0.0309,0.0127,0.0082,0.0281,0.0117,0.0092,0.0147,0.0157,0.0129,Mine
0.1021,0.083,0.0577,0.0627,0.0635,0.1328,0.0988,0.1787,0.1199,0.1369,0.2509,0.2631,0.2796,0.2977,0.3823,0.3129,0.3956,0.2093,0.3218,0.3345,0.3184,0.2887,0.361,0.2566,0.4106,0.4591,0.4722,0.7278,0.7591,0.6579,0.7514,0.6666,0.4903,0.5962,0.6552,0.4014,0.1188,0.3245,0.3107,0.1354,0.5109,0.7988,0.7517,0.5508,0.5858,0.7292,0.5522,0.3339,0.1608,0.0475,0.1004,0.0709,0.0317,0.0309,0.0252,0.0087,0.0177,0.0214,0.0227,0.0106,Mine
0.0072,0.0027,0.0089,0.0061,0.042,0.0865,0.1182,0.0999,0.1976,0.2318,0.2472,0.288,0.2126,0.0708,0.1194,0.2808,0.4221,0.5279,0.5857,0.6153,0.6753,0.7873,0.8974,0.9828,1.0,0.846,0.6055,0.3036,0.0144,0.2526,0.4335,0.4918,0.5409,0.5961,0.5248,0.3777,0.2369,0.172,0.1878,0.325,0.2575,0.2423,0.2706,0.2323,0.1724,0.1457,0.1175,0.0868,0.0392,0.0131,0.0092,0.0078,0.0071,0.0081,0.0034,0.0064,0.0037,0.0036,0.0012,0.0037,Mine
0.013,0.012,0.0436,0.0624,0.0428,0.0349,0.0384,0.0446,0.1318,0.1375,0.2026,0.2389,0.2112,0.1444,0.0742,0.1533,0.3052,0.4116,0.5466,0.5933,0.6663,0.7333,0.7136,0.7014,0.7758,0.9137,0.9964,1.0,0.8881,0.6585,0.2707,0.1746,0.2709,0.4853,0.7184,0.8209,0.7536,0.6496,0.4708,0.3482,0.3508,0.3181,0.3524,0.3659,0.2846,0.1714,0.0694,0.0303,0.0292,0.0116,0.0024,0.0084,0.01,0.0018,0.0035,0.0058,0.0011,9.0E-4,0.0033,0.0026,Mine
0.018,0.0444,0.0476,0.0698,0.1615,0.0887,0.0596,0.1071,0.3175,0.2918,0.3273,0.3035,0.3033,0.2587,0.1682,0.1308,0.2803,0.4519,0.6641,0.7683,0.696,0.4393,0.2432,0.2886,0.4974,0.8172,1.0,0.9238,0.8519,0.7722,0.5772,0.519,0.6824,0.622,0.5054,0.3578,0.3809,0.3813,0.3359,0.2771,0.3648,0.3834,0.3453,0.2096,0.1031,0.0798,0.0701,0.0526,0.0241,0.0117,0.0122,0.0122,0.0114,0.0098,0.0027,0.0025,0.0026,0.0050,0.0073,0.0022,Mine
0.0096,0.0404,0.0682,0.0688,0.0887,0.0932,0.0955,0.214,0.2546,0.2952,0.4025,0.5148,0.4901,0.4127,0.3575,0.3447,0.3068,0.2945,0.4351,0.7264,0.8147,0.8103,0.6665,0.6958,0.7748,0.8688,1.0,0.9941,0.8793,0.6482,0.5876,0.6408,0.4972,0.2755,0.03,0.3356,0.3167,0.4133,0.6281,0.4977,0.2613,0.4697,0.4806,0.4921,0.5294,0.2216,0.1401,0.1888,0.0947,0.0134,0.031,0.0237,0.0078,0.0144,0.017,0.0012,0.0109,0.0036,0.0043,0.0018,Mine
0.0116,0.0744,0.0367,0.0225,0.0076,0.0545,0.111,0.1069,0.1708,0.2271,0.3171,0.2882,0.2657,0.2307,0.1889,0.1791,0.2298,0.3715,0.6223,0.726,0.7934,0.8045,0.8067,0.9173,0.9327,0.9562,1.0,0.9818,0.8684,0.6381,0.3997,0.3242,0.2835,0.2413,0.2321,0.126,0.0693,0.0701,0.1439,0.1475,0.0438,0.0469,0.1476,0.1742,0.1555,0.1651,0.1181,0.072,0.0321,0.0056,0.0202,0.0141,0.0103,0.01,0.0034,0.0026,0.0037,0.0044,0.0057,0.0035,Mine
