@relation fis
@attribute a00 real [0,1]
@attribute a01 real [0,1]
@attribute a02 real [0,1]
@attribute a03 real [0,1]
@attribute a04 real [0,1]
@attribute a05 real [0,1]
@attribute a06 real [0,1]
@attribute a07 real [0,1]
@attribute a08 real [0,1]
@attribute a09 real [0,1]
@attribute a10 real [0,1]
@attribute a11 real [0,1]
@attribute a12 real [0,1]
@attribute a13 real [0,1]
@attribute a14 real [0,1]
@attribute a15 real [0,1]
@attribute a16 real [0,1]
@attribute a17 real [0,1]
@attribute a18 real [0,1]
@attribute a19 real [0,1]
@attribute a20 real [0,1]
@attribute class {0,1}
@data
0.092051,0.146871,0.168254,0.116073,0.145117,0.144276,0.145663,0.145912,0.127429,0.143749,0.138491,0.138517,0.153471,0.173885,0.127195,0.194446,0.147258,0.0794175,0.154157,0.145234,0.145233,1
0.209652,0.316229,0.330244,0.334539,0.315548,0.397018,0.315795,0.405282,0.280821,0.350414,0.330313,0.330364,0.318418,0.22986,0.420704,0.388742,0.31583,0.169691,0.320361,0.315185,0.40148,1
0.0575948,0.0736051,0.132864,0.157912,0.402953,0.548579,0.393726,0.541813,0.145119,0.144091,0.146679,0.146698,0.0408507,0,0.302721,0.0986537,0.0627996,0.355142,0.0447665,0.397784,0.545596,0
0.057234,0.0938816,0.120197,0.10722,0.167257,0.124661,0.165831,0.1257,0.0987808,0.121582,0.113861,0.113887,0.0981084,0.110894,0.173851,0.150974,0.0936023,0.0762854,0.0993404,0.166511,0.12505,1
0.0793851,0.160615,0.247346,0.206569,0.706824,0.788949,0.693724,0.775671,0.21924,0.218685,0.220279,0.220295,0.189829,0.035529,0.491871,0.316814,0.153768,0.281861,0.196042,0.69946,0.783014,1
0.136382,0.18423,0.204502,0.20749,0.179957,0.144985,0.18016,0.150646,0.185737,0.213179,0.206026,0.206048,0.172826,0.15694,0.200931,0.237381,0.182951,0.140215,0.174189,0.179791,0.148111,1
0.209785,0.29534,0.386556,0.365582,0.576814,0.7184,0.57278,0.721218,0.348607,0.383163,0.372264,0.372316,0.266003,0.0819746,0.479841,0.373898,0.287546,0.36326,0.270665,0.57451,0.720638,1
0.0675832,0.115755,0.161207,0.154334,0.266286,0.335745,0.262055,0.333812,0.150774,0.154704,0.153426,0.153452,0.121499,0.0667043,0.227165,0.239456,0.112758,0.159025,0.124718,0.263807,0.335007,0
0.0784451,0.107254,0.180883,0.15963,0.231286,0.450094,0.226672,0.445981,0.181118,0.156923,0.165927,0.165934,0.0989682,0.0283022,0.191018,0.201757,0.101716,0.225026,0.102986,0.228577,0.448594,0
0.263535,0.269095,0.458683,0.363661,0.696476,0.820629,0.693434,0.821978,0.390961,0.409205,0.401727,0.401761,0.177616,0.0372211,0.451891,0.363447,0.254388,0.541422,0.183683,0.694433,0.821699,1
0.000655134,0.0258094,0.0533895,0.0316884,0.0741689,0.126492,0.0717288,0.123415,0.0345666,0.0416072,0.0373652,0.0373738,0.0665579,0.0243186,0.120641,0.0711772,0.0267949,0.0137341,0.0676792,0.0727251,0.124919,0
0.0407322,0.0692659,0.0553421,0.037303,0.0312979,0.0348155,0.0313925,0.0358606,0.0464353,0.0433147,0.0456103,0.045617,0.0812627,0.297387,0.0227318,0.0817643,0.0705534,0.0230488,0.0808714,0.0312323,0.0353603,0
0.0721787,0.0561354,0.102235,0.0859779,0.0720083,0.117454,0.0714049,0.118209,0.0997193,0.0871572,0.0921319,0.0921458,0.0225135,0.0599886,0.0540636,0.0657477,0.0515778,0.177038,0.0239195,0.0714884,0.117931,0
0.222594,0.336651,0.398059,0.380022,0.437034,0.525632,0.434587,0.529712,0.358679,0.395923,0.385972,0.386029,0.357865,0.134801,0.515706,0.558959,0.332564,0.277519,0.362385,0.435353,0.528098,0
0.150206,0.184198,0.304372,0.24354,0.485053,0.330076,0.480125,0.327205,0.280655,0.259666,0.265006,0.26501,0.123938,0.0116746,0.312376,0.249936,0.172171,0.43266,0.127582,0.482455,0.328727,0
0.327035,0.615473,0.557858,0.475856,0.644917,0.971481,0.641777,0.973313,0.510384,0.503172,0.509357,0.509463,0.744999,0.23244,0.517019,0.770953,0.61167,0.381957,0.74652,0.642238,0.972979,0
0.00817493,0.00830739,0.00824217,0.00363404,0.00940615,0.0032974,0.00863368,0.00321763,0.00626203,0.00407741,0.00526291,0.00526002,0.00856321,0.132298,0.00350278,0.0167177,0.00920973,0.00853961,0.00852283,0.00900519,0.00318023,0
0.0503788,0.0550707,0.0868463,0.0735973,0.16463,0.0829223,0.163391,0.0840543,0.068397,0.0778174,0.0765149,0.0764994,0.0413245,0.0750416,0.0968459,0.0697036,0.0535244,0.0943255,0.0421975,0.163942,0.0836122,0
0.172699,0.205668,0.203639,0.181554,0.133552,0.1293,0.135512,0.135565,0.190353,0.191462,0.191111,0.191112,0.158454,0.269596,0.104592,0.222008,0.20546,0.119156,0.15907,0.13447,0.132443,1
0.0965515,0.103625,0.180132,0.114548,0.221853,0.248068,0.220801,0.247057,0.131187,0.150373,0.144541,0.144579,0.0633116,0.0518804,0.201543,0.143807,0.0999984,0.171073,0.0657178,0.221109,0.247767,1
0.179507,0.29171,0.374171,0.354344,0.588746,0.486975,0.582748,0.486888,0.358732,0.360571,0.358107,0.358149,0.325893,0.0743659,0.4569,0.452372,0.283522,0.372661,0.33062,0.585326,0.487708,1
0.0566738,0.0743794,0.0631587,0.069802,0.0823536,0.038513,0.0809132,0.0394333,0.0663865,0.06721,0.0663279,0.0663373,0.0620657,0.149501,0.0630984,0.0786526,0.0741195,0.0674013,0.0626801,0.0814755,0.0388788,0
0.307856,0.509299,0.438788,0.462306,0.361424,0.412843,0.363225,0.426468,0.416421,0.468183,0.449642,0.449669,0.567716,0.276083,0.40782,0.681591,0.51033,0.208926,0.568408,0.361654,0.419747,1
0.196948,0.226122,0.458195,0.295739,0.687951,0.504879,0.683556,0.499443,0.362215,0.378997,0.372459,0.372511,0.129957,0.026751,0.474083,0.303923,0.21027,0.555206,0.137285,0.685347,0.503146,1
0.247223,0.28629,0.382006,0.27434,0.101804,0.4057,0.107152,0.412124,0.298276,0.319751,0.317712,0.317754,0.229048,0.16429,0.287188,0.344254,0.280758,0.297563,0.231158,0.104038,0.409013,0
0.0210877,0.0163567,0.0388828,0.0283446,0.115706,0.0928256,0.113787,0.0919633,0.0383691,0.0295716,0.0323981,0.032405,0.00522917,0.0222387,0.0237303,0.0235564,0.0146407,0.0838187,0.00597119,0.114678,0.0923752,0
0.054547,0.056458,0.0462613,0.0619674,0.0268873,0.0316674,0.0266816,0.0344529,0.0407922,0.0630032,0.0565178,0.0565237,0.0427985,0.191776,0.0590561,0.0465048,0.0569596,0.0387863,0.0428224,0.0267639,0.0329214,0
0.17474,0.151727,0.194101,0.156079,0.0622101,0.194938,0.0644048,0.199325,0.162295,0.181931,0.175069,0.175089,0.0971959,0.169261,0.126438,0.165796,0.148174,0.188443,0.0983683,0.0631078,0.197199,1
0.260962,0.331392,0.283113,0.264386,0.163357,0.137195,0.167326,0.148075,0.245769,0.284492,0.275799,0.27585,0.295589,0.364091,0.166137,0.272884,0.331861,0.152707,0.294984,0.165013,0.142156,0
0.0427736,0.0509896,0.096603,0.0850982,0.0916014,0.25331,0.0892214,0.251423,0.0887283,0.0868674,0.0890018,0.089005,0.0337264,0.022697,0.133806,0.0788386,0.0468829,0.16305,0.0357577,0.0899649,0.252646,0
0.102134,0.164728,0.278144,0.281262,0.696121,0.621163,0.682851,0.610948,0.275728,0.272493,0.27379,0.273807,0.143697,0.0229966,0.499118,0.291404,0.151625,0.455292,0.151172,0.688908,0.617432,0
0.318367,0.276354,0.491451,0.38846,0.579146,0.496172,0.578997,0.500884,0.339655,0.465746,0.423323,0.42336,0.144943,0.127345,0.580713,0.260938,0.260981,0.562291,0.150321,0.579074,0.498622,1
0.249767,0.319246,0.457037,0.310735,0.607966,0.612946,0.604895,0.60963,0.381122,0.372731,0.375713,0.375767,0.244367,0.0794423,0.360674,0.340349,0.302891,0.607541,0.248203,0.605899,0.611884,1
0.11538,0.0992531,0.172691,0.15589,0.243025,0.277283,0.240818,0.277942,0.154455,0.16173,0.160741,0.160746,0.0517126,0.0493892,0.173142,0.116459,0.0910831,0.293239,0.0542441,0.241681,0.27768,0
0.184444,0.30939,0.387413,0.34025,0.533391,0.61882,0.529047,0.618778,0.337741,0.362869,0.353173,0.353223,0.331807,0.126458,0.483416,0.516517,0.305639,0.258436,0.336747,0.530436,0.61943,1
0.0655419,0.080493,0.104301,0.0847159,0.120598,0.10689,0.11967,0.107569,0.0953383,0.0923212,0.093654,0.0936732,0.0609076,0.132651,0.0816511,0.111179,0.0791579,0.0989942,0.0620205,0.119922,0.107307,0
0.0770399,0.147097,0.182116,0.175894,0.202217,0.302816,0.199998,0.303647,0.152837,0.177186,0.168704,0.168693,0.168527,0.0324267,0.291375,0.290889,0.146685,0.101927,0.171047,0.200459,0.303181,0
0.0865346,0.16376,0.315493,0.149728,0.460641,0.469448,0.457031,0.461001,0.191255,0.238704,0.220236,0.220267,0.202797,0.0466924,0.502476,0.320934,0.160491,0.185836,0.207204,0.458256,0.465586,0
0.0123526,0.0108722,0.0181616,0.00461509,0.0097856,0.00279255,0.00937719,0.00278243,0.010016,0.0102556,0.0106737,0.0106728,0.00852811,0.12785,0.00734376,0.0133842,0.0115326,0.0165398,0.00847075,0.00958316,0.00271552,1
0,0.00174213,0,0,0.0106919,0.00924922,0.00960086,0.00890505,0,0,0,0,0.00508879,0.12322,0.00636943,0.00825512,0.00258461,0.00750162,0.00506856,0.010144,0.00897482,0
0.222005,0.53727,0.440966,0.364845,0.556932,1,0.553683,1,0.389112,0.394137,0.393797,0.393857,0.806749,0.187481,0.4342,0.747875,0.539514,0.18502,0.806787,0.554531,1,1
0.167515,0.164035,0.321395,0.261535,0.397741,0.377961,0.394171,0.376296,0.278669,0.280979,0.283033,0.283067,0.0882642,0.0235078,0.318375,0.174037,0.14819,0.529678,0.0928485,0.395228,0.377587,1
0.189476,0.351072,0.34594,0.264792,0.28515,0.300149,0.286937,0.30483,0.275873,0.311746,0.301221,0.301286,0.427406,0.214008,0.292132,0.40963,0.351426,0.164986,0.427599,0.285522,0.302313,1
0.0175557,0.0171632,0.0224172,0.00856693,0.0049171,0.00444045,0.00470788,0.00470704,0.0144132,0.0128894,0.0139899,0.0139853,0.0131607,0.188996,0.00452543,0.0185633,0.0180759,0.0118122,0.0130706,0.00483353,0.00455854,0
0.126203,0.180746,0.253267,0.199522,0.289007,0.245344,0.287312,0.245503,0.219628,0.221225,0.219949,0.219966,0.170474,0.0905117,0.268208,0.286683,0.176212,0.227016,0.173546,0.287865,0.24573,0
0.119747,0.194151,0.211305,0.211571,0.322304,0.353506,0.318771,0.354375,0.198488,0.211358,0.208369,0.208406,0.203692,0.0945011,0.242554,0.249492,0.190558,0.207158,0.205884,0.32027,0.354434,1
0.365337,0.572468,0.601666,0.520717,0.553375,0.745296,0.552624,0.750572,0.533976,0.565782,0.560034,0.560049,0.570401,0.245389,0.632127,0.805075,0.568484,0.369374,0.575352,0.551927,0.748664,1
0.300678,0.330844,0.541161,0.38109,0.513235,0.760884,0.513376,0.761129,0.426057,0.46306,0.453536,0.453588,0.22882,0.0580908,0.501937,0.359856,0.31529,0.588707,0.234386,0.512527,0.76194,1
0.0302596,0.0650073,0.0850314,0.0647125,0.125628,0.164397,0.123238,0.162391,0.076451,0.0714633,0.0735232,0.0735352,0.0827718,0.0719863,0.15413,0.132089,0.0651061,0.0539981,0.0841694,0.124123,0.163529,0
0.0974915,0.141693,0.185014,0.154859,0.220548,0.354752,0.218285,0.354035,0.163788,0.165896,0.165765,0.165772,0.135099,0.119166,0.21499,0.231222,0.138555,0.173349,0.137615,0.219041,0.354852,0
0.0915098,0.108109,0.0885486,0.10617,0.0852293,0.0884979,0.0847094,0.0919146,0.0931821,0.101697,0.100658,0.100685,0.0877729,0.247363,0.0796702,0.132461,0.108194,0.0717345,0.0882139,0.0846544,0.0902319,0
0.549724,0.198797,0.345696,0.300216,0.174877,0.140869,0.180377,0.153061,0.374844,0.295359,0.323833,0.323868,0.0231277,0.0875505,0.0369282,0.105285,0.173611,0.799655,0.0253255,0.177225,0.147362,0
0.0075198,0,0.00610183,0.00123898,0.00830388,0.0207147,0.0074598,0.0204433,0.00418278,0.00243713,0.00333524,0.00333166,0.000526427,0.0833789,0.00829394,0,0,0.0301289,0.000503385,0.00787255,0.0205182,1
0.0844268,0.216718,0.311588,0.298857,0.641158,0.710575,0.628884,0.700283,0.310404,0.282138,0.295792,0.295807,0.324384,0.03567,0.413771,0.490429,0.2131,0.217239,0.331731,0.633439,0.706973,0
0.0748277,0.161163,0.193888,0.162297,0.286159,0.391825,0.284385,0.392788,0.143849,0.187814,0.1714,0.17139,0.21766,0.150336,0.292623,0.268177,0.160688,0.108354,0.218955,0.285042,0.392548,1
0.104128,0.105109,0.153973,0.10705,0.197183,0.1996,0.196063,0.199327,0.1291,0.126845,0.127779,0.127816,0.063101,0.0655351,0.128057,0.083939,0.101078,0.182759,0.0645374,0.196341,0.199389,0
0.737871,0.359105,0.630298,0.399564,0.44292,0.314035,0.45258,0.325779,0.449285,0.502779,0.489574,0.489669,0.101881,0.102139,0.364273,0.207673,0.341791,0.648625,0.105433,0.447713,0.321032,0
0.123175,0.132596,0.167247,0.18295,0.198705,0.190107,0.198067,0.195188,0.131118,0.195183,0.17527,0.175275,0.113375,0.0884318,0.301038,0.166905,0.130507,0.141565,0.115032,0.198344,0.193264,0
0.305568,0.305454,0.500557,0.319579,0.444847,0.428293,0.448959,0.433057,0.378788,0.414214,0.402348,0.402382,0.207412,0.0789664,0.376746,0.291762,0.295627,0.42262,0.211144,0.446771,0.430994,1
0.223761,0.308825,0.450966,0.426016,0.804197,0.882491,0.795763,0.880929,0.370831,0.459992,0.429869,0.429923,0.270952,0.0682084,0.826061,0.395409,0.296903,0.481042,0.278111,0.79921,0.882357,1
0.226278,0.387399,0.419963,0.390606,0.736087,0.742978,0.727062,0.7391,0.356843,0.420744,0.400558,0.400568,0.43732,0.116734,0.746455,0.505701,0.377763,0.451453,0.441607,0.730491,0.741749,1
0.551803,0.594712,0.600001,0.46634,0.292503,0.449844,0.303686,0.46852,0.411551,0.598391,0.540729,0.540746,0.409841,0.569069,0.532825,0.539802,0.593938,0.294136,0.410658,0.296332,0.459263,0
0.148051,0.129466,0.141719,0.115092,0.00243346,0.122924,0.0045783,0.126925,0.131151,0.12123,0.125079,0.125095,0.0809469,0.311283,0.0544662,0.137998,0.128854,0.0993976,0.081531,0.00330004,0.125314,0
0.112047,0.173616,0.244368,0.227742,0.298805,0.45432,0.293888,0.451384,0.235838,0.225246,0.230356,0.230362,0.163666,0.0510696,0.304718,0.296798,0.168409,0.242459,0.168061,0.295642,0.45375,0
0.054509,0.0449728,0.0579268,0.0427149,0.0334742,0.0265395,0.0336493,0.0279767,0.0519247,0.0479872,0.0499714,0.0499797,0.0252158,0.220154,0.0212583,0.0430354,0.0447727,0.0535085,0.0254296,0.0334696,0.0271189,0
0.0191983,0.0149856,0.0283814,0.0235775,0.0532399,0.0246011,0.0521507,0.0246931,0.025129,0.0239418,0.0247543,0.0247584,0.0064224,0.0361342,0.0259206,0.0144286,0.0142154,0.0565998,0.00673494,0.0526437,0.0246926,0
0.0919371,0.182843,0.147351,0.165038,0.117338,0.0925859,0.118039,0.0989375,0.147384,0.154181,0.152534,0.152555,0.228083,0.304802,0.140023,0.209826,0.184996,0.0457712,0.22753,0.117513,0.0961007,1
0.0284556,0.0553127,0.0623827,0.0591717,0.0709562,0.0787279,0.0695816,0.0788508,0.0564797,0.0620977,0.0605306,0.0605427,0.06733,0.0778207,0.0901302,0.096057,0.0556183,0.0437723,0.0679917,0.0701662,0.0787707,0
0.142981,0.194586,0.285973,0.225692,0.476939,0.251004,0.472096,0.248183,0.235526,0.24837,0.245753,0.245794,0.16807,0.0589545,0.330622,0.257955,0.185421,0.360064,0.17188,0.474144,0.25019,1
0.252321,0.387237,0.440139,0.49165,0.489645,0.72414,0.482005,0.724991,0.479236,0.466413,0.469787,0.469893,0.371341,0.0778207,0.510553,0.571807,0.376339,0.483961,0.378545,0.484719,0.725241,0
0.227768,0.235607,0.4053,0.327363,0.433817,0.308976,0.433773,0.313237,0.275242,0.39437,0.361389,0.361433,0.158279,0.0778207,0.604347,0.257611,0.226873,0.365508,0.163149,0.433587,0.311786,0
0.263839,0.337312,0.505826,0.27872,0.817918,0.596803,0.814924,0.591254,0.379759,0.383825,0.37777,0.377829,0.253825,0.132298,0.341445,0.356794,0.319363,0.658624,0.256813,0.816936,0.594823,0
0.262215,0.464407,0.46302,0.455028,0.425126,0.471505,0.420979,0.473711,0.441866,0.465187,0.452596,0.452724,0.52297,0.183744,0.572073,0.718589,0.46191,0.28862,0.52819,0.421612,0.472656,0
0.167515,0.280709,0.453995,0.303974,0.68584,0.612169,0.678498,0.602362,0.340961,0.372891,0.365474,0.365514,0.299502,0.0663106,0.605385,0.46027,0.271335,0.400741,0.305242,0.681351,0.607918,1
0.10579,0.141758,0.284502,0.223343,0.410086,0.754321,0.402931,0.745878,0.24123,0.244691,0.244026,0.244056,0.105233,0.0217921,0.411879,0.216965,0.130049,0.407485,0.111231,0.405883,0.750863,1
0.142439,0.182569,0.327572,0.258431,0.587272,0.648034,0.579552,0.640992,0.293705,0.280172,0.28602,0.286046,0.1401,0.0315337,0.361229,0.278778,0.169767,0.454236,0.146068,0.582884,0.64491,1
0.140863,0.209846,0.279733,0.223343,0.29313,0.346855,0.291683,0.347358,0.258099,0.254176,0.253998,0.254051,0.205078,0.153697,0.234139,0.348947,0.205117,0.244322,0.208297,0.291893,0.347745,0
0.180247,0.293404,0.384234,0.301547,0.549621,0.521708,0.546429,0.521473,0.309764,0.345648,0.33476,0.334794,0.322524,0.106475,0.443654,0.41418,0.288495,0.282573,0.326384,0.547486,0.522054,1
0.475048,0.51551,0.462532,0.402176,0.306858,0.294278,0.313506,0.30984,0.387918,0.454983,0.435285,0.43534,0.391995,0.4675,0.291762,0.428215,0.513847,0.284083,0.392085,0.309845,0.302556,0
0.104385,0.15313,0.223014,0.167074,0.27268,0.346115,0.269993,0.343862,0.198925,0.18695,0.189632,0.189666,0.152664,0.0620156,0.176452,0.269479,0.149073,0.203183,0.155806,0.270917,0.345641,1
0.102115,0.156502,0.280134,0.321389,0.69564,0.738734,0.681745,0.729991,0.274882,0.302722,0.293454,0.293492,0.122254,0.0134725,0.707377,0.230407,0.142399,0.478676,0.130498,0.687937,0.735469,0
0.438427,0.796154,0.650136,0.578286,0.606591,0.802769,0.610718,0.818042,0.580067,0.621882,0.615522,0.61557,0.955798,0.35935,0.500294,0.966035,0.79894,0.277759,0.954522,0.608495,0.810778,1
0.0376465,0.0267772,0.0522943,0.0334064,0.048133,0.0468224,0.0472731,0.0463744,0.046759,0.041038,0.0430003,0.0430109,0.0105636,0.0416924,0.0327329,0.0245078,0.0245538,0.101646,0.011005,0.0476392,0.0465859,0
0.301732,0.376494,0.248342,0.204123,0.13711,0.131686,0.141406,0.140738,0.264943,0.206189,0.22619,0.226209,0.29787,1,0.021218,0.421004,0.379709,0.0959618,0.296563,0.139169,0.136718,1
0.00573479,0.00933976,0.00823591,0.00451836,0.00794796,0.0114893,0.00718676,0.0114597,0.00337373,0.00695436,0.0060502,0.00605236,0.0115814,0.19684,0.0131495,0.0103439,0.0102403,0.00879797,0.0114563,0.00756958,0.0113884,1
0.147196,0.243818,0.292713,0.245926,0.770155,0.338473,0.758922,0.329743,0.258831,0.264964,0.26356,0.263578,0.256545,0.0719276,0.713537,0.321571,0.239388,0.249838,0.259972,0.764147,0.334651,1
0.0570441,0.0741374,0.106785,0.0683328,0.0884294,0.114944,0.0878593,0.11446,0.0895374,0.0818638,0.0853326,0.0853488,0.0710851,0.124031,0.0698946,0.12475,0.0731871,0.08594,0.072175,0.0879855,0.114803,0
0.105296,0.0992693,0.0893997,0.147586,0.158393,0.108763,0.156597,0.113866,0.0952088,0.135889,0.122784,0.122789,0.0659788,0.175101,0.206616,0.111158,0.0978718,0.108436,0.0671758,0.157449,0.11124,0
0.201117,0.271982,0.286092,0.274464,0.251442,0.207395,0.251983,0.214079,0.272374,0.281745,0.278047,0.278084,0.236839,0.204279,0.185374,0.374943,0.270207,0.188515,0.238934,0.251221,0.211261,0
0.0494768,0.0741535,0.10099,0.0830624,0.155864,0.150069,0.153817,0.149375,0.0895333,0.0887716,0.0896269,0.0896303,0.0728925,0.082145,0.10923,0.112567,0.0723855,0.108381,0.0741017,0.154681,0.149826,0
0.110509,0.154163,0.202568,0.16712,0.27615,0.226372,0.274782,0.227886,0.171963,0.18456,0.181821,0.181843,0.138678,0.114008,0.201446,0.235171,0.152034,0.151061,0.140774,0.27528,0.227277,1
0.425476,0.471634,0.500519,0.444122,0.471694,0.57727,0.472773,0.585794,0.469297,0.467774,0.47349,0.473583,0.419229,0.225125,0.37508,0.520953,0.455186,0.670309,0.421489,0.471646,0.581519,0
0.156188,0.152872,0.153804,0.174268,0.0859709,0.152671,0.0871713,0.159595,0.135552,0.182262,0.165679,0.1657,0.118551,0.19909,0.172868,0.1539,0.15102,0.142268,0.119129,0.0864178,0.156022,1
0.238317,0.244028,0.295172,0.270899,0.382701,0.332577,0.379683,0.334037,0.294401,0.262103,0.273604,0.273631,0.166228,0.0667043,0.269134,0.305246,0.236721,0.328068,0.17004,0.380637,0.333216,0
0.082262,0.137596,0.152796,0.15186,0.174159,0.143142,0.172485,0.144891,0.149621,0.150517,0.151937,0.151953,0.152909,0.10966,0.147697,0.209261,0.136854,0.106237,0.154348,0.173101,0.144411,0
0.362479,0.459052,0.523706,0.450035,0.557401,0.510064,0.558635,0.519091,0.463714,0.49467,0.486912,0.486943,0.39475,0.225195,0.459307,0.656375,0.452569,0.39391,0.398854,0.557654,0.515254,1
0.105951,0.184118,0.294271,0.249344,0.551556,0.624975,0.542892,0.617323,0.28849,0.248158,0.262468,0.26249,0.213343,0.0354761,0.260108,0.358111,0.175361,0.34391,0.219111,0.54634,0.621926,1
0.424906,0.51559,0.564435,0.467805,0.275011,0.36305,0.281501,0.375924,0.570848,0.46083,0.498802,0.498914,0.39024,0.249026,0.17617,0.648285,0.512228,0.332007,0.393612,0.278098,0.369384,0
0.207677,0.215944,0.338887,0.322821,0.463476,0.539805,0.460012,0.542248,0.337729,0.319156,0.327002,0.327038,0.140837,0.0460285,0.282155,0.278092,0.202483,0.484958,0.14586,0.461221,0.541549,1
0.0614022,0.0688949,0.0947944,0.0754581,0.074172,0.108206,0.0739763,0.109437,0.0827009,0.0849736,0.0843067,0.0843321,0.0606093,0.0917162,0.071497,0.0910996,0.0680833,0.0796713,0.0613782,0.0738919,0.108803,0
0.0397448,0.0694756,0.0468871,0.0484262,0.0426593,0.0303624,0.0423462,0.0321967,0.0473415,0.0485822,0.0478385,0.0478461,0.0820173,0.287939,0.028602,0.108976,0.0710605,0.0151574,0.0816698,0.0425292,0.0312807,0
0.15839,0.169664,0.390724,0.266556,0.66641,0.494071,0.658278,0.484188,0.313272,0.319414,0.318427,0.318465,0.0961957,0.0162163,0.500294,0.196299,0.146096,0.742787,0.101215,0.661636,0.489483,1
0.0872562,0.129886,0.169944,0.14479,0.274462,0.274914,0.271192,0.27359,0.140414,0.159081,0.153178,0.15319,0.12092,0.0667807,0.248609,0.165896,0.127006,0.160757,0.123225,0.272569,0.274623,1
0.069748,0.113755,0.0953639,0.0957561,0.095965,0.0917444,0.0956107,0.0944237,0.0903869,0.099229,0.0958393,0.0958593,0.121043,0.25741,0.0997367,0.147455,0.114884,0.0452772,0.121125,0.0956856,0.0931861,0
0.0224739,0.0310358,0.0521503,0.0540822,0.101804,0.174124,0.0990891,0.172563,0.058927,0.0490324,0.0532207,0.053235,0.024707,0.0243186,0.050126,0.0556613,0.0285453,0.110267,0.0259677,0.100283,0.173376,1
0.189884,0.236849,0.370003,0.310372,0.389353,0.415262,0.388363,0.418192,0.277965,0.351909,0.328972,0.329018,0.185548,0.0812578,0.481782,0.24495,0.228673,0.349403,0.189655,0.388278,0.416623,1
0.0503029,0.0755085,0.0970786,0.0836012,0.11037,0.121627,0.109258,0.12221,0.0868473,0.0883784,0.0883004,0.0883082,0.0770338,0.101699,0.104351,0.121058,0.0748229,0.0792407,0.078042,0.109672,0.121985,0
0.0899147,0.0722985,0.138189,0.118891,0.160478,0.221746,0.158374,0.221075,0.127352,0.124796,0.125069,0.125081,0.0264968,0.0345889,0.127236,0.0674645,0.0634866,0.300097,0.0281548,0.15898,0.221593,0
0.220666,0.226509,0.253217,0.237143,0.149431,0.206207,0.1517,0.213877,0.208601,0.25711,0.24665,0.246681,0.161437,0.208703,0.249744,0.224655,0.222915,0.220208,0.162732,0.15041,0.209974,0
0.00671275,0.0127595,0.0166345,0.0138775,0.037645,0.0426344,0.0362485,0.0420209,0.016181,0.0133551,0.0145959,0.0145963,0.0160736,0.0632319,0.0254616,0.0338002,0.0132993,0.020302,0.016386,0.0368908,0.0422977,0
0.241289,0.44034,0.300849,0.333719,0.199963,0.222064,0.202181,0.234105,0.250943,0.344003,0.317373,0.317472,0.515951,0.472488,0.293219,0.391975,0.442165,0.159483,0.514459,0.200858,0.228602,0
0.0538824,0.0956721,0.0561244,0.0559153,0.0695356,0.0541268,0.0686422,0.0552543,0.0601972,0.0547087,0.0580876,0.0580845,0.106005,0.282105,0.0350922,0.132211,0.0974138,0.0214669,0.105763,0.0689093,0.0546835,0
0.0714855,0.0985111,0.147765,0.120287,0.251081,0.317399,0.247881,0.315499,0.139173,0.130974,0.133505,0.133515,0.107637,0.0554469,0.160226,0.188079,0.0957616,0.145096,0.110068,0.249212,0.316687,1
0.195249,0.180375,0.309998,0.311334,0.464081,0.500698,0.458835,0.501179,0.304129,0.309692,0.308923,0.308952,0.0978276,0.0268392,0.385258,0.202844,0.165252,0.516528,0.103229,0.460952,0.500839,0
0.0501984,0.11582,0.155537,0.138508,0.159478,0.23287,0.15592,0.229954,0.137275,0.146249,0.143454,0.143452,0.157612,0.0901122,0.242876,0.235743,0.114999,0.0992118,0.160354,0.157159,0.23173,0
0.197898,0.142516,0.241057,0.179694,0.287868,0.188233,0.285729,0.187067,0.229725,0.192844,0.20616,0.206162,0.0739278,0.0518804,0.155395,0.184245,0.132977,0.348139,0.0774692,0.286389,0.187649,0
0.125368,0.168874,0.205103,0.190425,0.311661,0.268181,0.30939,0.270078,0.187493,0.199322,0.194489,0.194525,0.148435,0.114443,0.215562,0.264486,0.165546,0.189612,0.150877,0.310308,0.269409,1
0.644538,1,0.791518,0.65327,0.601897,0.720252,0.60781,0.734889,0.68348,0.726415,0.712296,0.712427,1,0.442699,0.576735,1,1,0.437197,1,0.604114,0.728634,1
0.0182678,0.0157437,0.0286442,0.020031,0.0566392,0.0303021,0.055532,0.0301386,0.0236283,0.0228035,0.023299,0.0233025,0.00845792,0.0445596,0.0246483,0.0178408,0.0152296,0.0503175,0.00874848,0.0560696,0.0301679,0
0.179848,0.253738,0.283569,0.387161,0.503291,0.668968,0.496033,0.673368,0.279789,0.363743,0.337141,0.3372,0.249842,0.0868043,0.609291,0.383742,0.249252,0.255826,0.255233,0.498797,0.67209,1
0.0848066,0.108996,0.201905,0.234969,0.487557,0.763275,0.47739,0.756843,0.201858,0.220573,0.213007,0.213035,0.0724889,0.00486489,0.477997,0.150609,0.0967267,0.410033,0.0782329,0.482126,0.760797,0
0.101698,0.0868001,0.177779,0.136675,0.277443,0.294327,0.274439,0.292407,0.169839,0.140427,0.151856,0.151882,0.0349372,0.0268392,0.101798,0.0923873,0.0764915,0.346634,0.0375282,0.275738,0.293694,0
0.144652,0.208669,0.256953,0.187349,0.440854,0.206333,0.438741,0.206887,0.199916,0.219735,0.218289,0.218305,0.200077,0.150453,0.263176,0.224426,0.202254,0.290659,0.20158,0.439887,0.206895,1
0.223923,0.235994,0.286092,0.347882,0.30823,0.416674,0.306193,0.424649,0.286258,0.338539,0.321534,0.321587,0.140468,0.0972802,0.419287,0.297428,0.227053,0.369796,0.144784,0.306717,0.421137,1
0.0169195,0.0198087,0.0372494,0.0261936,0.0526472,0.0852592,0.0511897,0.0842554,0.0337292,0.0279727,0.0300315,0.0300375,0.0179336,0.0843072,0.02737,0.041805,0.018763,0.0662681,0.018469,0.0518684,0.0847739,0
0.057253,0.0732502,0.0700303,0.0404442,0.0352366,0.0419882,0.0358459,0.0432464,0.0602498,0.0517955,0.055616,0.0556264,0.0599424,0.408563,0.00895424,0.0727939,0.0742504,0.0324677,0.0597292,0.0354987,0.0426612,0
0.0819677,0.181892,0.295504,0.248528,0.467322,0.543724,0.455888,0.530102,0.275805,0.256116,0.26325,0.263273,0.229627,0.0327675,0.48439,0.36859,0.176343,0.255966,0.237737,0.460579,0.537335,0
0.17475,0.271208,0.386919,0.326174,0.657379,0.559382,0.651287,0.557222,0.382142,0.329489,0.344403,0.344402,0.242788,0.0899829,0.286415,0.414108,0.264465,0.324392,0.248603,0.654069,0.559053,1
0.201534,0.403046,0.422335,0.397344,0.959338,0.585965,0.948553,0.582762,0.377684,0.418592,0.405664,0.40569,0.502492,0.130295,0.648425,0.6056,0.398259,0.324723,0.507221,0.953386,0.584974,1
0.430432,0.394448,0.577321,0.628928,0.739495,0.798779,0.736299,0.811604,0.486825,0.659128,0.603144,0.603198,0.241963,0.0759229,1,0.399959,0.373984,0.74941,0.249852,0.736966,0.806344,1
0.0459448,0.0503283,0.0957894,0.0629531,0.111643,0.125017,0.110473,0.124143,0.0815844,0.0726638,0.0759042,0.0759123,0.0327613,0.0402999,0.0601754,0.0544953,0.0467684,0.147616,0.0338309,0.111031,0.124598,0
0.359811,0.469424,0.617625,0.513108,0.907989,0.776061,0.904898,0.780764,0.519288,0.565207,0.549604,0.549677,0.398382,0.104072,0.629422,0.579225,0.459996,0.479329,0.404843,0.905829,0.779651,1
0.0750366,0.101802,0.170113,0.11961,0.300928,0.271833,0.298147,0.269945,0.142441,0.140914,0.139794,0.139806,0.0858602,0.0632319,0.163463,0.174738,0.0979045,0.177591,0.0883527,0.299416,0.271182,0
0.133324,0.260158,0.253217,0.213528,0.263926,0.32753,0.261031,0.326162,0.219062,0.237183,0.233267,0.233274,0.311645,0.159178,0.341622,0.360979,0.259705,0.146846,0.314008,0.261593,0.327246,1
0.0940164,0.0454567,0.0685408,0.0559153,0.076825,0.0520312,0.0770352,0.0543651,0.0568356,0.0610162,0.0599151,0.059927,0.0102127,0.136188,0.0303252,0.036633,0.0438076,0.0931017,0.0106058,0.076917,0.0531582,0
0.165217,0.192167,0.246483,0.242398,0.295415,0.449213,0.292711,0.450926,0.251092,0.237607,0.243296,0.243335,0.138696,0.111869,0.219798,0.281103,0.185667,0.286376,0.142371,0.293654,0.450592,0
0.145297,0.224316,0.244868,0.268863,0.298413,0.294783,0.295625,0.298555,0.279741,0.256587,0.262248,0.262271,0.263406,0.136188,0.176524,0.373047,0.216044,0.347382,0.265353,0.2962,0.29694,1
0.135204,0.245544,0.402314,0.267118,0.65718,0.925495,0.648854,0.913897,0.344683,0.308776,0.318766,0.318794,0.282252,0.0667043,0.354651,0.516746,0.23767,0.34507,0.289585,0.652025,0.920662,0
0.211228,0.364977,0.399436,0.330877,0.554638,0.482977,0.549862,0.481245,0.347494,0.357358,0.354041,0.354106,0.412824,0.161963,0.44739,0.4901,0.359948,0.315186,0.416716,0.551802,0.482897,1
0.0946526,0.121949,0.10728,0.116584,0.102624,0.137425,0.102657,0.141513,0.113186,0.115032,0.113441,0.113458,0.109953,0.32831,0.0718594,0.152548,0.122,0.0779806,0.110172,0.102584,0.139849,0
0.0593798,0.0581679,0.0802626,0.0974465,0.144261,0.132891,0.14154,0.13323,0.0877979,0.09184,0.0908722,0.0908857,0.030638,0.0544774,0.108763,0.0705191,0.0535408,0.179903,0.0321125,0.14272,0.133195,0
0.0883291,0.133402,0.249105,0.182199,0.4525,0.366694,0.446488,0.360664,0.197424,0.219331,0.211733,0.211761,0.117762,0.0359168,0.396966,0.237975,0.127153,0.253881,0.122947,0.448785,0.364342,0
0.0153909,0.020712,0.0271485,0.0160146,0.0339117,0.0399418,0.0329366,0.0394835,0.0201129,0.0190158,0.0207129,0.0207107,0.0245841,0.100518,0.025518,0.0377275,0.0215112,0.0161863,0.0248394,0.0333313,0.039737,0
0.215055,0.267191,0.292932,0.24828,0.359616,0.352891,0.358112,0.35514,0.277884,0.264576,0.263732,0.26376,0.203411,0.175101,0.205923,0.294323,0.2626,0.26408,0.205832,0.358573,0.354932,0
0.168047,0.176149,0.288989,0.224753,0.48235,0.402011,0.478979,0.401338,0.252884,0.248261,0.24832,0.248347,0.13273,0.0648535,0.268659,0.242432,0.167329,0.342432,0.136608,0.480319,0.402259,1
0.544217,0.792122,0.773412,0.734913,0.592459,0.671711,0.597779,0.692157,0.687331,0.785444,0.745,0.74519,0.813733,0.166758,0.677615,0.86603,0.789501,0.426618,0.816022,0.593831,0.682703,1
0.0549268,0.0641524,0.0640724,0.0709811,0.0714924,0.103337,0.0708789,0.105462,0.0679479,0.0665114,0.0674253,0.0674351,0.0482207,0.175101,0.0460596,0.0881023,0.0641409,0.0564729,0.0487068,0.0711357,0.104367,0
0.155257,0.0886552,0.174832,0.145186,0.222753,0.173486,0.222199,0.17593,0.160515,0.148448,0.155148,0.155185,0.0244788,0.0389133,0.0884956,0.0828016,0.0796977,0.31039,0.0266794,0.222328,0.174517,1
0.0773153,0.12745,0.203639,0.175894,0.386922,0.390045,0.380462,0.384746,0.19901,0.177424,0.185318,0.185342,0.119429,0.0529615,0.202251,0.224183,0.120708,0.26597,0.123607,0.383342,0.387602,0
0.158447,0.15855,0.329136,0.249998,0.502926,0.538203,0.498773,0.535522,0.242136,0.277098,0.271352,0.271282,0.0828946,0.0324267,0.45785,0.176655,0.141794,0.552273,0.087398,0.500639,0.537523,0
0.0732516,0.131789,0.206705,0.179629,0.51069,0.47861,0.501915,0.471053,0.171842,0.198634,0.1906,0.190602,0.142486,0.0145947,0.485172,0.224727,0.12501,0.268816,0.14704,0.505743,0.475591,0
0.186134,0.232591,0.41209,0.301468,0.756875,0.826267,0.747385,0.816009,0.349044,0.346166,0.347443,0.347471,0.176967,0.0304526,0.520417,0.291533,0.214523,0.61802,0.183267,0.751237,0.822298,1
0.0648013,0.138016,0.124784,0.104963,0.0601012,0.13897,0.0597339,0.13983,0.112781,0.110473,0.111304,0.111315,0.190391,0.222986,0.111485,0.218546,0.13916,0.0553262,0.190592,0.0596306,0.139603,1
0.0982131,0.0942203,0.195891,0.162431,0.311585,0.283397,0.307567,0.280895,0.182449,0.169057,0.172483,0.172497,0.0436232,0.0155641,0.186187,0.115429,0.0827403,0.381894,0.0469363,0.3091,0.282628,0
0.149465,0.225558,0.327603,0.259463,0.590966,0.424564,0.583919,0.419084,0.277099,0.284053,0.281129,0.281168,0.206201,0.0720275,0.430158,0.312722,0.217042,0.353959,0.211127,0.586942,0.422136,1
0.00521259,0.00201636,0.00883045,0.000723122,0.00616519,0.00498023,0.00544059,0.0046929,0.00427178,0.00364276,0.00410822,0.00410969,0,0.0756585,0.00489584,0.00170968,0.00242103,0.019894,0,0.00579837,0.00477666,1
0.188811,0.279854,0.315531,0.259352,0.321852,0.322537,0.322203,0.326808,0.264797,0.289605,0.281062,0.281096,0.270969,0.193967,0.27283,0.377754,0.277895,0.196882,0.272956,0.321709,0.32512,1
0.105628,0.146662,0.218477,0.155775,0.296194,0.274743,0.293848,0.272988,0.175891,0.185124,0.181706,0.181728,0.126237,0.0522859,0.268378,0.179803,0.140551,0.256859,0.12878,0.294713,0.274382,0
0.078635,0.128402,0.138821,0.116073,0.235756,0.258894,0.232349,0.256773,0.127955,0.11691,0.122392,0.122384,0.164052,0.133755,0.143018,0.25221,0.128773,0.0713991,0.165527,0.233698,0.258207,1
0.0948995,0.196151,0.313434,0.269117,0.686071,0.652384,0.673494,0.640071,0.27006,0.283696,0.281568,0.281597,0.245262,0.0426148,0.683936,0.39679,0.189576,0.28886,0.252838,0.678949,0.646784,1
0.0648867,0.107802,0.20101,0.157374,0.471789,0.462472,0.464528,0.455777,0.182376,0.16499,0.170746,0.17076,0.0981786,0.0194596,0.211512,0.193115,0.102158,0.227741,0.102829,0.467715,0.459522,1
0.0843129,0.102995,0.191842,0.154656,0.296451,0.350219,0.29311,0.34829,0.160835,0.168721,0.167411,0.167452,0.0694357,0.0462047,0.236418,0.159716,0.0965958,0.246942,0.0729214,0.294555,0.349628,0
0.0973111,0.0981885,0.108606,0.0808884,0.0975659,0.130519,0.0976916,0.132104,0.0994685,0.0887095,0.0933152,0.0933247,0.0742262,0.204279,0.0468165,0.114914,0.0976428,0.0853825,0.0748308,0.0974195,0.131194,0
0.0308767,0.0524575,0.0854257,0.0586282,0.147537,0.201814,0.14498,0.199333,0.0721024,0.0718255,0.0712139,0.0712107,0.0542921,0.0410754,0.117138,0.0893685,0.0510216,0.0907039,0.0557369,0.146097,0.200851,0
0.00450998,0.0134854,0.00893684,0.00434334,0.00542042,0.00163203,0.00470479,0.0016041,0.00415446,0.00732692,0.00671343,0.00671106,0.0218818,0.170777,0.0155572,0.0201514,0.0147879,0,0.0216629,0.00501376,0.0015095,0
0.0739352,0.136644,0.124834,0.0914773,0.133121,0.0921271,0.132853,0.0933019,0.102268,0.106778,0.10554,0.105534,0.179599,0.206229,0.108707,0.144558,0.136559,0.0872636,0.179309,0.132705,0.0929869,0
0.27771,0.400981,0.509269,0.314604,0.565208,0.46783,0.567244,0.469785,0.389205,0.401118,0.396021,0.396057,0.383923,0.210119,0.349336,0.534208,0.396149,0.324714,0.386634,0.566075,0.46973,1
0.370416,0.416854,0.42,0.412594,0.340302,0.38563,0.342984,0.398199,0.391757,0.418379,0.413928,0.413985,0.313364,0.295907,0.326677,0.443881,0.411542,0.344472,0.315831,0.341203,0.392594,1
0.270665,0.434226,0.470761,0.474889,0.482343,0.714081,0.480117,0.720987,0.40056,0.478925,0.457758,0.457822,0.43174,0.159537,0.555308,0.417163,0.42687,0.407957,0.434005,0.480354,0.718174,1
0.334137,0.269821,0.481125,0.367669,0.426764,0.37105,0.428898,0.376865,0.385431,0.405914,0.404142,0.404167,0.119481,0.0616102,0.390299,0.23967,0.254372,0.559811,0.123885,0.427072,0.374235,0
0.192144,0.302082,0.210635,0.168151,0.342403,0.326972,0.339382,0.326022,0.170272,0.194148,0.188739,0.188764,0.314101,0.213485,0.296593,0.281833,0.304379,0.0898109,0.313869,0.340544,0.32677,1
0.166423,0.202894,0.430971,0.297208,0.824798,0.675771,0.816151,0.666609,0.33622,0.362584,0.352157,0.35223,0.133186,0.0194596,0.60057,0.30544,0.186894,0.549549,0.141642,0.819599,0.672078,0
0.0248381,0.035746,0.0413861,0.0358291,0.0211486,0.0210608,0.0208091,0.0220207,0.0363667,0.0361741,0.036702,0.036696,0.0391486,0.113491,0.0222809,0.0380494,0.0358901,0.0403501,0.0391946,0.0209872,0.0217432,0
0.193027,0.201426,0.292218,0.207112,0.339611,0.22826,0.338244,0.227772,0.243702,0.244877,0.24603,0.246037,0.156682,0.107004,0.227165,0.273621,0.193061,0.341022,0.159469,0.338448,0.22803,1
0.013492,0.0210669,0.0255401,0.0193861,0.0292408,0.0260108,0.0282457,0.025807,0.023697,0.0203353,0.021753,0.0217608,0.021759,0.105618,0.0225144,0.0443373,0.0217238,0.0205921,0.0220448,0.0286982,0.0259113,0
0.327538,0.418289,0.509863,0.370464,0.413294,0.418701,0.416609,0.424652,0.444843,0.412543,0.425756,0.425808,0.39124,0.222199,0.267621,0.484398,0.407028,0.507454,0.393786,0.414172,0.421907,0
0.346851,0.268675,0.445741,0.363385,0.489496,0.520223,0.489794,0.525547,0.391911,0.390583,0.394499,0.394554,0.128395,0.0750416,0.340567,0.25676,0.251624,0.605397,0.133293,0.489321,0.522746,1
0.104394,0.132547,0.211324,0.187657,0.267637,0.381979,0.263854,0.379924,0.193334,0.196802,0.196479,0.196492,0.106724,0.0455526,0.278242,0.188924,0.126123,0.259366,0.110224,0.265327,0.381303,1
0.158998,0.236236,0.260264,0.244844,0.388307,0.326117,0.386051,0.329361,0.232593,0.25727,0.251021,0.251039,0.260704,0.121058,0.262338,0.270716,0.231127,0.266858,0.26209,0.387161,0.328346,0
0.309299,0.492378,0.422184,0.329532,0.289894,0.230164,0.295182,0.240695,0.354068,0.380363,0.372369,0.372425,0.53778,0.466924,0.22293,0.571342,0.494495,0.172691,0.536591,0.292025,0.236391,0
0.144338,0.165906,0.191222,0.170533,0.172053,0.152977,0.17253,0.15723,0.167505,0.185683,0.179426,0.179447,0.132273,0.185518,0.163785,0.207079,0.164254,0.142485,0.133605,0.172124,0.155346,1
0.0475304,0.0374397,0.0754938,0.0485874,0.0575125,0.0698788,0.0574386,0.0704705,0.053555,0.0606075,0.0587031,0.0587098,0.0142486,0.0875505,0.0570672,0.0331135,0.0356611,0.0939357,0.0149453,0.057471,0.0703143,0
0.117696,0.137338,0.135492,0.129858,0.0760489,0.0821714,0.077353,0.0872641,0.116018,0.140458,0.132713,0.132737,0.121148,0.188714,0.10671,0.147305,0.137688,0.0758049,0.121264,0.0766731,0.0842934,0
0.159748,0.266256,0.348042,0.288669,0.283499,0.34137,0.283972,0.345273,0.277253,0.333975,0.314415,0.314465,0.290412,0.0919688,0.500793,0.38568,0.264334,0.190886,0.293334,0.283264,0.343768,1
0.108714,0.158937,0.201542,0.186211,0.250354,0.343485,0.248459,0.344989,0.173569,0.195612,0.189374,0.189385,0.152155,0.121487,0.249173,0.242331,0.156173,0.170026,0.154487,0.24899,0.344655,1
0.249084,0.383543,0.445033,0.395419,0.73019,0.757871,0.722147,0.754313,0.422437,0.410758,0.410488,0.410496,0.391275,0.127345,0.437703,0.540389,0.366639,0.647537,0.39422,0.72493,0.757911,0
0.196853,0.317536,0.413936,0.290018,0.441762,0.574415,0.440568,0.573302,0.309392,0.344117,0.338491,0.338531,0.320752,0.164102,0.475042,0.435569,0.314407,0.243406,0.324666,0.440381,0.574619,1
0.217837,0.33699,0.43614,0.330619,0.506443,0.544529,0.504135,0.543904,0.373635,0.371934,0.375847,0.375896,0.346248,0.111176,0.385628,0.526096,0.331779,0.308768,0.350807,0.504828,0.545044,0
0.349775,0.400336,0.513906,0.419637,0.695889,0.820701,0.690693,0.818768,0.436494,0.469073,0.460798,0.460872,0.293904,0.0769864,0.599942,0.382525,0.38532,0.601993,0.299774,0.692191,0.820153,1
1,0.877583,1,1,0.864008,0.691178,0.874107,0.727851,1,1,1,1,0.49807,0.249678,0.569013,0.887712,0.855262,1,0.505103,0.867804,0.711549,0
0.0686656,0.112884,0.216556,0.148751,0.522713,0.543215,0.516313,0.537011,0.18761,0.173248,0.175608,0.175643,0.11062,0.0243186,0.204611,0.20366,0.107229,0.229722,0.114841,0.519409,0.540305,0
0.14938,0.150969,0.319868,0.244724,0.650815,0.662688,0.64439,0.658274,0.284975,0.268638,0.274396,0.274413,0.0855619,0.00695069,0.303293,0.158249,0.13512,0.524143,0.090453,0.647368,0.661611,1
0.0780654,0.0964625,0.106998,0.0663845,0.0724034,0.0648874,0.0733794,0.0667376,0.0742868,0.0900911,0.0854041,0.0854108,0.091686,0.275154,0.0732685,0.0997697,0.0972338,0.0478563,0.091616,0.0728013,0.0657637,0
0.373331,0.420886,0.566394,0.447723,0.518455,0.472498,0.520194,0.479004,0.495239,0.502023,0.497085,0.497153,0.299695,0.118743,0.39786,0.484963,0.409383,0.516238,0.304826,0.518232,0.476747,0
