@relation ionosphere
@attribute a01 real [0,1]
@attribute a02 real [0,0]
@attribute a03 real [-1,1]
@attribute a04 real [-1,1]
@attribute a05 real [-1,1]
@attribute a06 real [-1,1]
@attribute a07 real [-1,1]
@attribute a08 real [-1,1]
@attribute a09 real [-1,1]
@attribute a10 real [-1,1]
@attribute a11 real [-1,1]
@attribute a12 real [-1,1]
@attribute a13 real [-1,1]
@attribute a14 real [-1,1]
@attribute a15 real [-1,1]
@attribute a16 real [-1,1]
@attribute a17 real [-1,1]
@attribute a18 real [-1,1]
@attribute a19 real [-1,1]
@attribute a20 real [-1,1]
@attribute a21 real [-1,1]
@attribute a22 real [-1,1]
@attribute a23 real [-1,1]
@attribute a24 real [-1,1]
@attribute a25 real [-1,1]
@attribute a26 real [-1,1]
@attribute a27 real [-1,1]
@attribute a28 real [-1,1]
@attribute a29 real [-1,1]
@attribute a30 real [-1,1]
@attribute a31 real [-1,1]
@attribute a32 real [-1,1]
@attribute a33 real [-1,1]
@attribute a34 real [-1,1]
@attribute class {b,g}
@data
1,0,1,-1,1,1,-1,1,1,-1,1,-1,-1,-1,-1,1,1,1,1,1,-1,1,1,-1,1,-1,1,1,1,1,-1,1,-1,1,b
1,0,0.79157,0.16851,0,0,0.56541,0.06874,0.39468,1,0.38359,0.99557,-0.02439,0.53215,0.23725,0.1286,-0.02661,0.95122,-0.50998,0.84922,-0.102,0.38803,-0.42572,0.23725,-0.91574,0.8071,-0.34146,0.88248,-1,0.69401,-1,0.1286,0,0,b
0,0,1,1,0,0,0,0,-1,-1,0,0,0,0,-1,-1,-1,-1,-1,1,-1,1,0,0,0,0,1,-1,-1,1,-1,1,-1,1,b
0,0,0,0,0,0,1,-1,0,0,-1,-1,0,0,0,0,1,1,-1,-1,0,0,0,0,1,1,1,1,0,0,1,1,0,0,b
1,0,0,0,0,0,0,0,0,0,1,-0.33333,0.16667,0.26042,0,0,0,0,0,0,-0.19792,-0.21875,-0.16667,0.90625,-1,0.5,0.04167,0.75,-0.22917,-1,-0.125,-0.27083,-0.19792,-0.9375,b
0,0,1,-1,0,0,0,0,1,1,1,-1,-0.71875,1,0,0,-1,1,1,1,-1,1,1,0.5625,-1,1,1,1,1,-1,1,1,1,1,b
1,0,0,0,0,0,1,1,-1,-1,0,0,1,-0.11111,0,0,0,0,-1,1,1,1,1,-1,0,0,1,-1,0,0,0,0,1,1,b
1,0,-1,-1,1,1,1,-0.14375,0,0,-1,1,1,1,0.17917,-1,-1,-1,0.0875,-1,1,-1,-1,1,-1,-1,1,-1,-1,-1,1,1,0,0,b
0,0,1,1,1,-1,1,1,1,1,1,1,1,1,1,1,1,-1,-1,1,-1,1,-1,1,1,-1,1,1,-1,1,-1,-1,-1,1,b
1,0,1,-0.09524,-1,-1,-1,-1,1,0.31746,0.81349,0.7619,-1,-1,-1,1,0.47364,1,1,1,0.68839,-1,-1,-1,0.82937,0.36508,1,1,1,0.50794,-1,-0.3254,-1,0.72831,b
1,0,0.62121,-0.63636,0,0,0,0,0.3447,0.28788,0.42803,0.39394,-0.07576,0.51894,0.36364,0.31439,-0.53788,0.32955,0.12121,-0.14773,0.01894,-0.53409,-0.57576,0.17803,0.29167,-0.27273,0.25758,-0.57576,0.43182,0.24242,0.18182,-0.02273,0.17045,-0.41667,b
1,0,0.62745,-0.07843,0.72549,0,0.60784,-0.07843,0.62745,-0.11765,0.68627,-0.11765,0.66667,-0.13725,0.64706,-0.09804,0.54902,-0.11765,0.54902,-0.21569,0.58824,-0.19608,0.66667,-0.23529,0.45098,-0.2549,0.52409,-0.24668,0.56863,-0.31373,0.43137,-0.21569,0.47059,-0.27451,b
1,0,0.67065,0.02528,0.66626,0.05031,0.57197,0.18761,0.08776,0.34081,0.63621,0.12131,0.62099,0.14285,0.78637,0.10976,0.58373,0.18151,0.14395,0.41224,0.53888,0.21326,0.5142,0.22625,0.48838,0.23724,0.46167,0.24618,0.43433,0.25306,0.40663,0.25792,1,0.33036,g
1,0,0.92277,0.07804,0.92679,0.16251,0.89702,0.24618,0.84111,0.35197,0.78801,0.42196,0.70716,0.46983,0.70796,0.56476,0.60459,0.642,0.51247,0.64924,0.39903,0.66975,0.34232,0.68343,0.23693,0.76146,0.18765,0.73885,0.09694,0.71038,0.02735,0.77072,-0.04023,0.69509,g
1,0,0.74084,0.04974,0.79074,0.02543,0.78575,0.03793,0.6623,0.09948,0.67801,0.31152,0.75934,0.07348,0.74695,0.08442,0.70681,-0.07853,0.63613,0,0.70021,0.11355,0.68183,0.12185,0.67016,0.15445,0.64158,0.13608,0.65707,0.17539,0.59759,0.14697,0.57455,0.15114,g
1,0,0.94649,0.00892,0.97287,-0.0026,0.98922,0.00372,0.95801,0.01598,0.94054,0.0353,0.97213,0.04719,0.98625,0.01858,0.94277,0.07135,0.98551,-0.00706,0.9777,0.0498,0.96358,0.07098,0.93274,0.08101,0.95243,0.04356,0.97473,0.00818,0.97845,0.07061,1,-0.0026,g
1,0,1,0.0507,1,0.10827,1,0.19498,1,0.28453,1,0.34826,1,0.38261,0.94575,0.42881,0.89126,0.50391,0.75906,0.58801,0.80644,0.59962,0.79578,0.62758,0.66643,0.63942,0.59417,0.69435,0.49538,0.72684,0.47027,0.71689,0.33381,0.75243,g
1,0,0.76046,0.01092,0.86335,0.00258,0.85821,0.00384,0.79988,0.02304,0.81504,0.12068,0.83096,0.00744,0.81815,0.00854,0.82777,-0.06974,0.76531,0.03881,0.76979,0.01148,0.75071,0.01232,0.77138,-0.00303,0.70886,0.01375,0.66161,0.00849,0.66298,0.01484,0.63887,0.01525,g
1,0,0.92657,0.04174,0.89266,0.15766,0.86098,0.19791,0.83675,0.36526,0.80619,0.40198,0.76221,0.40552,0.66586,0.4836,0.60101,0.51752,0.53392,0.5218,0.48435,0.54212,0.42546,0.55684,0.3334,0.55274,0.26978,0.54214,0.22307,0.53448,0.14312,0.49124,0.11573,0.46571,g
1,0,0.84843,0.06794,0.80562,-0.02299,0.77031,-0.03299,0.66725,-0.0662,0.59582,-0.07666,0.6726,-0.05771,0.6426,-0.06438,0.39199,0.0453,0.71254,0.01394,0.5597,-0.08039,0.5343,-0.08453,0.47038,-0.22822,0.48659,-0.09128,0.52613,-0.08537,0.44277,-0.09621,0.42223,-0.09808,g
1,0,0.9408,0.11933,0.85738,0.01038,0.85124,0.01546,0.76966,-0.00278,0.84459,0.10916,0.83289,0.03027,0.8268,0.03506,0.74838,0.01943,0.80019,0.02405,0.80862,0.04901,0.80259,0.05352,0.77336,0.0222,0.79058,0.06235,0.85939,0.09251,0.77863,0.0709,0.77269,0.07508,g
1,0,0.85209,0.39252,0.38887,0.76432,0.08858,0.98903,-0.42625,0.88744,-0.76229,0.4998,-0.93092,0.10768,-0.859,-0.31044,-0.6603,-0.55262,-0.1926,-0.86063,0.28444,-0.80496,0.64649,-0.3523,0.77814,-0.23324,0.71698,0.21343,0.3783,0.5831,0.19667,0.66315,-0.11215,0.64933,g
1,0,0.7087,-0.24783,0.64348,0.04348,0.45217,0.38261,0.65217,0.18261,0.5,0.26957,0.57826,-0.23043,0.50435,0.37826,0.38696,-0.42609,0.36087,-0.26087,0.26957,0.11739,0.53246,-0.03845,0.31304,-0.12174,0.4993,-0.04264,0.48348,-0.04448,0.64348,-0.25217,0.50435,0.14783,g
1,0,0.95882,0.10129,1,-0.01918,0.98313,0.02555,0.96974,-0.09316,0.98955,-0.02716,0.9798,-0.03096,1,-0.05343,1,-0.05179,0.9384,0.01557,0.9762,-0.09284,0.97889,-0.05318,0.91567,-0.15675,0.95677,-0.06995,0.90978,0.01307,1,-0.10797,0.93144,-0.06888,g
1,0,0.98455,-0.02736,0.98058,-0.04104,1,-0.07635,0.9872,0.01456,0.95278,-0.02604,0.985,-0.07458,0.99382,-0.07149,0.97396,-0.09532,0.97264,-0.12224,0.99294,-0.05252,0.95278,-0.08914,0.97352,-0.08341,0.96653,-0.12912,0.93469,-0.14916,0.97132,-0.15755,0.96778,-0.188,g
1,0,0.32789,0.11042,0.1597,0.29308,0.1402,0.74485,-0.25131,0.91993,-0.16503,0.26664,-0.63714,0.24865,-0.9765,-0.00337,-0.23227,-0.19909,-0.30522,-0.48886,-0.14426,-0.89991,0.09345,-0.28916,0.28307,-0.1856,0.39599,-0.11498,0.31005,0.05614,0.21443,0.2054,0.13376,0.26422,g
1,0,1,0.63548,1,1,0.77123,1,-0.33333,1,-1,1,0,1,-1,1,-1,0,-1,-0.66667,-1,-0.92536,-1,-0.33333,-0.33333,-1,0.19235,-1,1,-1,0,-1,1,-0.66667,g
1,0,0.25,0.16667,0.46667,0.26667,0.19036,0.23966,0.07766,0.19939,0.0107,0.14922,-0.02367,0.10188,-0.03685,0.06317,-0.03766,0.03458,-0.0323,0.01532,-0.02474,0.00357,-0.01726,-0.00273,-0.01097,-0.00539,-0.00621,-0.00586,-0.00294,-0.0052,-0.00089,-0.00408,0.00025,-0.00291,g
1,0,0.49515,0.09709,0.29612,0.05825,0.34951,0,0.57282,-0.02427,0.58252,0.02427,0.33495,0.04854,0.52427,0.00485,0.47087,-0.1068,0.43204,0.00485,0.34951,0.05825,0.18932,0.25728,0.31068,-0.15049,0.36547,0.03815,0.3932,0.17476,0.26214,0,0.37379,-0.01942,g
1,0,0.7983,0.09417,0.78129,0.20656,0.71628,0.28068,0.6932,0.41252,0.65917,0.50122,0.57898,0.60814,0.4921,0.58445,0.33354,0.67861,0.29587,0.63548,0.09599,0.68104,0.02066,0.72236,-0.08748,0.63183,-0.11925,0.60696,-0.18226,0.56015,-0.25516,0.51701,-0.27339,0.42467,g
1,0,1,1,0.367,0.06158,0.12993,0.92713,-0.27586,0.93596,-0.31527,0.37685,-0.87192,0.36946,-0.92857,-0.08867,-0.38916,-0.34236,-0.46552,-0.82512,-0.05419,-0.93596,0.25616,-0.20443,0.73792,-0.4595,0.85471,-0.06831,1,1,0.3867,0.00246,0.17758,0.7979,g
1,0,0.74852,-0.02811,0.6568,-0.05178,0.80621,0.02811,0.85947,0.02515,0.63462,0.08728,0.71598,0.0784,0.73077,0.05178,0.7855,-0.27811,0.65976,-0.01479,0.78698,0.06953,0.34615,-0.18639,0.65385,0.02811,0.61009,-0.06637,0.5355,-0.21154,0.59024,-0.14053,0.56361,0.02959,g
1,0,1,-0.02401,0.9414,0.06531,0.92106,-0.23255,0.77152,-0.16399,0.52798,-0.20275,0.56409,-0.00712,0.34395,-0.27457,0.5294,-0.2178,0.45107,-0.17813,0.05982,-0.35575,0.02309,-0.52879,0.03286,-0.65158,0.1329,-0.53206,0.02431,-0.62197,-0.05707,-0.59573,-0.04608,-0.65697,g
1,0,0.72414,-0.01084,0.79704,0.01084,0.8,0.00197,0.79015,0.01084,0.78424,-0.00985,0.8335,0.03251,0.85123,0.01675,0.80099,-0.00788,0.79113,-0.02956,0.75961,0.0335,0.74778,0.05517,0.72611,-0.01478,0.78041,0.00612,0.74089,-0.05025,0.82956,0.02956,0.79015,0.00788,g
