@relation ionosphere
@attribute a01 real [0,1]
@attribute a02 real [0,0]
@attribute a03 real [-1,1]
@attribute a04 real [-1,1]
@attribute a05 real [-1,1]
@attribute a06 real [-1,1]
@attribute a07 real [-1,1]
@attribute a08 real [-1,1]
@attribute a09 real [-1,1]
@attribute a10 real [-1,1]
@attribute a11 real [-1,1]
@attribute a12 real [-1,1]
@attribute a13 real [-1,1]
@attribute a14 real [-1,1]
@attribute a15 real [-1,1]
@attribute a16 real [-1,1]
@attribute a17 real [-1,1]
@attribute a18 real [-1,1]
@attribute a19 real [-1,1]
@attribute a20 real [-1,1]
@attribute a21 real [-1,1]
@attribute a22 real [-1,1]
@attribute a23 real [-1,1]
@attribute a24 real [-1,1]
@attribute a25 real [-1,1]
@attribute a26 real [-1,1]
@attribute a27 real [-1,1]
@attribute a28 real [-1,1]
@attribute a29 real [-1,1]
@attribute a30 real [-1,1]
@attribute a31 real [-1,1]
@attribute a32 real [-1,1]
@attribute a33 real [-1,1]
@attribute a34 real [-1,1]
@attribute class {b,g}
@data
1,0,1,-0.45161,1,1,0.71216,-1,0,0,0,0,0,0,-1,0.14516,0.54094,-0.3933,-1,-0.54467,-0.69975,1,0,0,1,0.90695,0.51613,1,1,-0.20099,0.25682,1,-0.32382,1,b
1,0,1,1,1,-1,0,0,0,0,1,1,1,-1,1,1,1,-1,0,0,0,0,1,-0.27778,0,0,1,-1,1,1,1,-1,0,0,b
1,0,0.01975,0.00705,0.0409,-0.00846,0.02116,0.01128,0.01128,0.04372,0.00282,0.00141,0.01975,-0.03103,-0.01975,0.06065,-0.0409,0.0268,-0.02398,-0.00423,0.04372,-0.02539,0.01834,0,0,-0.01269,0.01834,-0.01128,0.00564,-0.01551,-0.01693,-0.02398,0.00705,0,b
0,0,0,0,0,0,0,0,0,0,0,0,-1,-1,0,0,1,0.75,0,0,0,0,-1,1,0,0,1,-1,-1,-1,1,1,0,0,b
1,0,-1,-1,0,0,0.50814,-0.78502,0.60586,0.32899,-1,-0.41368,0,0,0,0,1,-0.2671,0.36482,-0.63518,0.97068,-1,-1,-1,1,-0.59609,-1,-1,-1,-1,1,-1,0,0,b
1,0,0.03852,0.02568,0.00428,0,0.01997,-0.01997,0.0214,-0.04993,-0.0485,-0.01284,0.01427,-0.02282,0,-0.03281,-0.04708,-0.02853,-0.01712,0.03566,0.0214,0.00428,0.05136,-0.02282,0.05136,0.01854,0.03994,0.01569,0.01997,0.00713,-0.02568,-0.01854,-0.01427,0.01997,b
1,0,0.85271,0.05426,1,0.08069,1,1,0.91473,-0.00775,0.83721,0.03876,1,0.27153,1,1,0.81395,0.04651,0.90698,0.11628,1,0.5067,1,-1,0.8062,0.03876,1,0.71613,0.84496,0.06977,1,0.87317,1,1,b
1,0,0,0,0,0,0,0,-1,1,0,0,1,0.37333,-0.12,-0.12,0,0,-1,-1,0,0,1,-1,0,0,1,0.22667,0,0,0,0,0,0,b
1,0,1,-0.18829,0.93035,-0.36156,-0.10868,-0.93597,1,-0.04549,0.50874,-0.67743,0.34432,-0.69707,-0.51685,-0.97515,0.05499,-0.62237,0.33109,-1,-0.13151,-0.453,-0.18056,-0.35734,-0.20332,-0.26569,-0.20468,-0.18401,-0.1904,-0.11593,-0.16626,-0.06288,-0.13738,-0.02447,b
1,0,0.41932,0.12482,0.35,0.125,0.23182,0.27955,-0.03636,0.44318,0.04517,0.36194,-0.19091,0.33636,-0.1335,0.27322,0.02727,0.40455,-0.34773,0.12727,-0.20028,0.05078,-0.18636,0.36364,-0.14003,-0.04802,-0.09971,-0.07114,-1,-1,-0.02916,-0.07464,-0.00526,-0.06314,b
0,0,-1,1,1,-1,-1,1,0,0,1,1,-1,-0.1875,1,1,-1,-1,1,-1,-1,-1,1,1,1,-1,1,1,1,1,0,0,-1,-1,b
1,0,0.68729,1,0.91973,-0.76087,0.81773,0.04348,0.76087,0.10702,0.86789,0.73746,0.70067,0.18227,0.7592,0.13712,0.93478,-0.25084,0.70736,0.18729,0.64883,0.24582,0.60201,0.77425,1,-0.53846,0.89262,0.22216,0.7107,0.53846,1,-0.06522,0.56522,0.23913,b
1,0,1,-0.57224,0.9915,-0.73371,0.89518,-0.9745,1,-0.35818,1,-0.23229,0.6289,-0.86402,1,-0.57535,1,-0.79603,0.76771,-0.88952,0.96601,-1,0.7012,-0.74896,0.61946,-0.76904,0.53777,-0.77986,0.8102,-1,1,-1,0.30445,-0.76112,g
1,0,0.96087,0.0862,0.9676,0.19279,0.96026,0.27451,0.98044,0.35052,0.92867,0.46281,0.86265,0.52517,0.8282,0.58794,0.73242,0.69065,0.69003,0.7314,0.54473,0.6882,0.48339,0.76197,0.40615,0.74689,0.33401,0.83796,0.24944,0.86061,0.13756,0.86835,0.09048,0.86285,g
1,0,0.85736,0.00075,0.81927,-0.05676,0.77521,-0.04182,0.84317,0.09037,0.86258,0.11949,0.88051,-0.06124,0.78342,0.0351,0.83719,-0.06796,0.8357,-0.1419,0.88125,0.01195,0.90515,0.0224,0.79686,-0.01942,0.82383,-0.03678,0.88125,-0.06423,0.73936,-0.01942,0.79089,-0.09186,g
1,0,1,0.01709,0.96215,-0.03142,1,-0.03436,1,-0.05071,0.99026,-0.07092,0.99173,-0.09002,1,-0.15727,1,-0.14257,0.9831,-0.11813,1,-0.18519,1,-0.19272,0.98971,-0.22083,0.9649,-0.20243,0.94599,-0.17123,0.96436,-0.22561,0.87011,-0.23296,g
1,0,0.98002,0.00075,1,0,0.98982,-0.00075,0.94721,0.02394,0.977,0.0213,0.97888,0.03073,0.9917,0.02338,0.93929,0.05713,0.93552,0.05279,0.97738,0.05524,1,0.06241,0.94155,0.08107,0.96709,0.07255,0.95701,0.08088,0.9819,0.08126,0.97247,0.08616,g
1,0,0.97032,-0.14384,0.91324,-0.00228,0.96575,-0.17123,0.9863,0.18265,0.91781,0.00228,0.93607,-0.08447,0.91324,-0.00228,0.86758,-0.08676,0.97032,-0.21233,1,0.10274,0.92009,-0.05251,0.92466,0.06849,0.94043,-0.09252,0.97032,-0.20091,0.85388,-0.08676,0.96575,-0.21918,g
1,0,0.79378,0.29492,0.64064,0.52312,0.41319,0.68158,0.14177,0.83548,-0.16831,0.78772,-0.42911,0.72328,-0.57165,0.41471,-0.75436,0.16755,-0.69977,-0.09856,-0.57695,-0.23503,-0.40637,-0.38287,-0.17437,-0.5254,0.01523,-0.48707,0.1903,-0.38059,0.31008,-0.23199,0.34572,-0.08036,g
1,0,0.59887,0.14689,0.69868,-0.13936,0.85122,-0.13936,0.80979,0.02448,0.50471,0.02825,0.6742,-0.0452,0.80791,-0.13748,0.51412,-0.24482,0.81544,-0.14313,0.70245,-0.00377,0.33333,0.06215,0.56121,-0.33145,0.61444,-0.16837,0.52731,-0.02072,0.53861,-0.31262,0.6742,-0.22034,g
1,0,0.29202,0.13582,0.45331,0.16808,0.51783,-0.00509,0.52632,0.20883,0.52462,-0.16638,0.47368,-0.04754,0.55518,0.03905,0.81664,-0.22411,0.42445,-0.04244,0.34975,0.06621,0.28183,-0.20883,0.51731,-0.03176,0.50369,-0.03351,0.34635,0.09847,0.70798,-0.01868,0.39559,-0.03226,g
1,0,0.4987,0.01818,0.43117,-0.0961,0.50649,-0.04156,0.5013,0.0961,0.44675,0.05974,0.55844,-0.11948,0.51688,-0.03636,0.52727,-0.05974,0.55325,-0.01039,0.48571,-0.03377,0.49091,-0.01039,0.59221,0,0.53215,-0.0328,0.43117,0.03377,0.54545,-0.05455,0.58961,-0.08571,g
1,0,0.87032,0.46972,0.53945,0.82161,0.1038,0.95275,-0.38033,0.87916,-0.73939,0.58226,-0.92099,0.16731,-0.82417,-0.24942,-0.59383,-0.63342,-0.24012,-0.82881,0.18823,-0.78699,0.51557,-0.5743,0.69274,-0.24843,0.69097,0.10484,0.52798,0.39762,0.25974,0.56573,-0.06739,0.57552,g
1,0,1,-0.03365,1,0.00485,1,-0.12062,0.88965,0.01198,0.73082,0.05346,0.85443,0.00827,0.54591,0.00299,0.83775,-0.13644,0.75535,-0.0854,0.70887,-0.27502,0.43385,-0.12062,0.57528,-0.4022,0.58984,-0.22145,0.431,-0.17365,0.60436,-0.2418,0.56045,-0.38238,g
1,0,0.96933,0.00876,1,0.00843,0.98658,-0.00763,0.97868,-0.02844,0.9982,-0.0351,1,-0.01271,1,-0.02581,1,-0.01175,0.98485,0.00025,1,-0.02612,1,-0.04744,0.96019,-0.04527,0.99188,-0.03473,0.9702,-0.02478,1,-0.03855,0.9842,-0.04112,g
1,0,1,0.09771,1,0.12197,1,0.22574,0.98602,0.09237,0.9493,0.19211,0.92992,0.24288,0.89241,0.28343,0.85529,0.26721,0.83656,0.33129,0.83393,0.31698,0.74829,0.39597,0.76193,0.34658,0.68452,0.42746,0.62764,0.46031,0.56791,0.47033,0.54252,0.50903,g
1,0,0.99701,0.21677,0.91966,0.4703,0.76902,0.62415,0.53312,0.7812,0.36774,0.88291,0.10107,0.83312,-0.06827,0.89274,-0.28269,0.72073,-0.43707,0.61688,-0.55769,0.4812,-0.65,0.35534,-0.64658,0.15908,-0.66651,0.02277,-0.64872,-0.13462,-0.54615,-0.22949,-0.47201,-0.35032,g
1,0,0.74704,-0.13241,0.53755,0.16996,0.72727,0.09486,0.69565,-0.11067,0.66798,-0.23518,0.87945,-0.1917,0.73715,0.0415,0.63043,-0.00395,0.63636,-0.11858,0.79249,-0.25296,0.66403,-0.28656,0.67194,-0.10474,0.61847,-0.12041,0.60079,-0.20949,0.37549,0.06917,0.61067,-0.01383,g
1,0,0.87578,0.03727,0.89951,0.00343,0.8921,0.0051,0.86335,0,0.95031,0.07453,0.87021,0.00994,0.86303,0.01151,0.83851,-0.06211,0.85714,0.02484,0.84182,0.01603,0.83486,0.01749,0.79503,-0.04348,0.82111,0.02033,0.81988,0.08696,0.80757,0.02308,0.80088,0.02441,g
1,0,1,-0.37838,0.64865,0.2973,0.64865,-0.24324,0.86486,0.18919,1,-0.27027,0.51351,0,0.62162,-0.05405,0.32432,-0.21622,0.71833,-0.17666,0.62162,0.05405,0.75676,0.13514,0.35135,-0.2973,0.61031,-0.22163,0.58478,-0.23027,0.72973,-0.59459,0.51351,-0.24324,g
1,0,0.83789,0.42904,0.72113,0.58385,0.45625,0.78115,0.1647,0.82732,-0.13012,0.86947,-0.46177,0.78497,-0.59435,0.5207,-0.7847,0.26529,-0.84014,0.03928,-0.62041,-0.31351,-0.47412,-0.48905,-0.37298,-0.67796,-0.05054,-0.62691,0.1469,-0.45911,0.37093,-0.39167,0.48319,-0.24313,g
1,0,0.98166,0.00874,0.98103,-0.03818,0.97565,-0.05699,0.95947,-0.06971,0.99004,-0.04507,0.94713,-0.11102,0.93369,-0.1279,0.94217,-0.11583,0.79682,-0.192,0.88274,-0.17387,0.86257,-0.18739,0.88487,-0.19689,0.81813,-0.21136,0.78546,-0.23864,0.76911,-0.23095,0.74323,-0.23902,g
1,0,0.86284,0.1931,0.8092,0.41149,0.67203,0.55785,0.54559,0.69962,0.36705,0.81533,0.19617,0.85671,-0.04061,0.86284,-0.17241,0.75785,-0.341,0.65747,-0.48199,0.56092,-0.6023,0.40996,-0.59234,0.25747,-0.63038,0.08818,-0.57241,-0.07816,-0.54866,-0.19923,-0.42912,-0.31954,g
1,0,0.86689,0.3595,0.72014,0.66667,0.37201,0.83049,0.08646,0.85893,-0.24118,0.86121,-0.51763,0.67577,-0.68714,0.41524,-0.77019,0.09898,-0.69397,-0.13652,-0.49488,-0.42207,-0.32537,-0.57679,-0.02844,-0.59954,0.1536,-0.53127,0.32309,-0.37088,0.46189,-0.19681,0.40956,0.0182,g
