@relation ionosphere
@attribute a01 real [0,1]
@attribute a02 real [0,0]
@attribute a03 real [-1,1]
@attribute a04 real [-1,1]
@attribute a05 real [-1,1]
@attribute a06 real [-1,1]
@attribute a07 real [-1,1]
@attribute a08 real [-1,1]
@attribute a09 real [-1,1]
@attribute a10 real [-1,1]
@attribute a11 real [-1,1]
@attribute a12 real [-1,1]
@attribute a13 real [-1,1]
@attribute a14 real [-1,1]
@attribute a15 real [-1,1]
@attribute a16 real [-1,1]
@attribute a17 real [-1,1]
@attribute a18 real [-1,1]
@attribute a19 real [-1,1]
@attribute a20 real [-1,1]
@attribute a21 real [-1,1]
@attribute a22 real [-1,1]
@attribute a23 real [-1,1]
@attribute a24 real [-1,1]
@attribute a25 real [-1,1]
@attribute a26 real [-1,1]
@attribute a27 real [-1,1]
@attribute a28 real [-1,1]
@attribute a29 real [-1,1]
@attribute a30 real [-1,1]
@attribute a31 real [-1,1]
@attribute a32 real [-1,1]
@attribute a33 real [-1,1]
@attribute a34 real [-1,1]
@attribute class {b,g}
@data
1,0,-1,-0.59677,0,0,-1,0.64516,-0.87097,1,0,0,0,0,0,0,0,0,0,0,-1,-1,0,0,0.29839,0.23387,1,0.51613,0,0,0,0,0,0,b
1,0,1,-1,0,0,0.77941,-0.99265,0.80882,0.55147,-0.41912,-0.94853,0,0,0,0,0.72059,-0.77206,0.73529,-0.60294,0,0,0.18382,-1,-1,-1,-1,-1,1,-1,1,-1,0,0,b
1,0,1,-1,1,1,1,1,1,-0.5,1,1,1,1,1,1,0,0,1,1,1,1,1,-1,1,1,1,0.625,1,-0.75,-0.75,1,1,1,b
1,0,0.36876,-1,-1,-1,-0.07661,1,1,0.95041,0.74597,-0.3871,-1,-0.79313,-0.09677,1,0.48684,0.46502,0.31755,-0.27461,-0.14343,-0.20188,-0.11976,0.06895,0.03021,0.06639,0.03443,-0.01186,-0.00403,-0.01672,-0.00761,0.00108,0.00015,0.00325,b
0,0,0,0,1,1,0,0,1,1,0,0,1,-1,0,0,0,0,0,0,0,0,0,0,0,0,1,-1,0,0,-1,1,0,0,b
1,0,0.94598,-0.02685,-1,0.26131,-0.36393,0.35639,0.69258,-0.63427,1,-0.03353,-0.2902,-0.0055,-0.54852,0.15452,0.91921,-0.4627,1,-0.50424,-0.29735,-0.31454,-0.73864,0.37361,0.83872,-0.46734,0.52208,-0.5813,1,-0.61393,-0.09634,0.20477,-0.06117,0.41913,b
0,0,1,-1,1,1,1,1,1,1,1,1,1,-1,1,-1,1,1,1,-1,1,1,1,1,1,-1,1,1,1,-1,1,1,1,-1,b
1,0,-1,-1,-0.50694,1,1,-1,1,0.53819,0,0,0.23958,-1,1,1,0,0,1,1,1,1,0,0,-0.71528,1,0.33333,-1,1,-1,0.69792,-1,0.47569,1,b
1,0,0.84783,0.10598,1,0.3913,1,-1,0.66938,0.08424,1,0.27038,1,0.60598,1,0.35507,1,0.02672,0.58424,-0.43025,1,0.63496,0.8913,0.26585,0.91033,-0.33333,1,0.15942,0.37681,-0.01947,1,0.22464,1,0.37409,b
1,0,0,0,0.98919,-0.22703,0.18919,-0.05405,0,0,0.93243,0.07297,1,-0.2,1,0.07027,1,-0.11351,0,0,1,-0.21081,1,-0.41622,0,0,1,-0.17568,0,0,1,-0.25946,0.28919,-0.15676,b
1,0,0.42,-0.61,0,0,1,-1,0.9,1,0.43,0.64,0,0,0,0,0.67,-0.29,0.84,-1,0,0,0,0,0.21,0.68,1,0.22,0,0,0,0,0,0,b
1,0,-0.65625,0.15625,0.0625,0,0,0.0625,0.625,0.0625,0.1875,0,-0.03125,0.09375,0.0625,0,0.15625,-0.15625,0.4375,-0.375,0,-0.09375,0,0,0.03125,-0.46875,0.03125,0,-0.71875,0.03125,-0.03125,0,0,0.09375,b
1,0,0.68198,-0.17314,0.82332,0.21908,0.46643,0.32862,0.25795,0.58304,1,-0.15194,0.0106,0.44523,0.0106,0.38869,0.18681,0.41168,0.10567,0.36353,0.04325,0.30745,-0.00083,0.24936,-0.02862,0.19405,-0.04314,0.14481,-0.04779,0.10349,-0.04585,0.07064,-0.04013,0.04586,b
1,0,0.73523,-0.38293,0.80151,0.10278,0.78826,0.15266,0.5558,0.05252,1,0.21225,0.71947,0.28954,0.68798,0.32925,0.49672,0.17287,0.64333,-0.02845,0.57399,0.42528,0.5312,0.44872,0.9453,0.57549,0.44174,0.482,0.12473,1,0.3507,0.49721,0.30588,0.49831,g
1,0,0.65845,0.43617,0.44681,0.74804,0.05319,0.85106,-0.32027,0.82139,-0.68253,0.52408,-0.84211,0.07111,-0.82811,-0.28723,-0.47032,-0.71725,-0.04759,-0.86002,0.23292,-0.76316,0.56663,-0.52128,0.743,-0.18645,0.74758,0.23713,0.45185,0.59071,0.20549,0.76764,-0.18533,0.74356,g
1,0,0.82624,0.08156,0.79078,-0.08156,0.90426,-0.01773,0.92908,0.01064,0.80142,0.08865,0.94681,-0.00709,0.94326,0,0.93262,0.20213,0.95035,-0.00709,0.91489,0.00709,0.80496,0.07092,0.91135,0.15957,0.89527,0.08165,0.7766,0.06738,0.92553,0.18085,0.92553,0,g
1,0,0.5894,-0.60927,0.8543,0.55298,0.81126,0.07285,0.56623,0.16225,0.32781,0.24172,0.50331,0.12252,0.63907,0.19868,0.71854,0.42715,0.54305,0.13907,0.65232,0.27815,0.68874,0.07285,0.51872,0.26653,0.49013,0.27687,0.46216,0.28574,0.43484,0.29324,0.40821,0.29942,g
1,0,0.29073,0.10025,0.23308,0.17293,0.03759,0.34336,0.1203,0.26316,0.06266,0.21303,-0.04725,0.12767,-0.06333,0.07907,-0.06328,0.04097,-0.05431,0.01408,-0.04166,-0.0028,-0.02876,-0.01176,-0.01755,-0.01505,-0.00886,-0.01475,-0.0028,-0.0125,0.00096,-0.00948,0.0029,-0.00647,g
1,0,1,0.16801,0.99352,0.16334,0.94616,0.33347,0.91759,0.2261,0.91408,0.37107,0.8425,0.46899,0.81011,0.49225,0.78473,0.48311,0.65091,0.56977,0.56553,0.58071,0.55586,0.6472,0.48311,0.55236,0.43317,0.69129,0.35684,0.76147,0.33921,0.66844,0.22101,0.78685,g
1,0,0.61538,0.18923,0.78157,0.0178,0.77486,0.02647,0.65077,-0.10308,0.77538,0.08,0.73961,0.0506,0.72322,0.05776,0.68615,-0.08923,0.61692,0.16308,0.66233,0.07573,0.63878,0.08041,0.60154,-0.07231,0.58803,0.08767,0.55077,0.25692,0.53389,0.09207,0.50609,0.09322,g
1,0,0.97588,-0.10602,0.94601,-0.208,0.92806,-0.2835,0.85996,-0.27342,0.79766,-0.47929,0.78225,-0.50764,0.74628,-0.61436,0.57945,-0.68086,0.37852,-0.73641,0.36324,-0.76562,0.31898,-0.79753,0.22792,-0.81634,0.13659,-0.8251,0.04606,-0.82395,-0.04262,-0.81318,-0.13832,-0.80975,g
1,0,0.95704,-0.12095,0.63318,-0.1269,0.96365,-0.18242,0.97026,0.0846,0.92003,-0.01124,0.83543,-0.24719,1,-0.31395,0.99273,-0.21216,0.98678,-0.21018,1,-0.27165,0.93126,-0.39458,1,-0.19233,0.88793,-0.31565,0.81428,-0.23728,0.89095,-0.31857,0.69531,-0.41573,g
1,0,1,0.05812,0.94525,0.07418,0.99952,0.13231,1,-0.01911,0.94846,0.07033,0.95713,0.14644,0.94862,0.11224,0.90896,0.20119,0.96741,0.16265,0.99695,0.14258,0.90784,0.1641,0.91667,0.22431,0.88423,0.23571,0.88568,0.22511,0.78324,0.29576,0.83574,0.31166,g
1,0,0.88241,0.30634,0.73232,0.57816,0.34109,0.58527,0.05717,1,-0.09238,0.92118,-0.62403,0.71996,-0.69767,0.32558,-0.81422,0.41195,-1,-0.00775,-0.78973,-0.41085,-0.76901,-0.45478,-0.57242,-0.67605,-0.3161,-0.81876,-0.02979,-0.86841,0.25392,-0.82127,0.00194,-0.81686,g
1,0,1,0.28046,1,0.02477,1,0.07764,1,0.04317,0.98762,0.33266,1,0.05489,1,0.04384,0.9575,-0.24598,0.84371,-0.08668,1,0.0415,0.99933,0.27376,1,-0.39056,0.96414,-0.02174,0.86747,0.2336,0.94578,-0.22021,0.80355,-0.07329,g
1,0,1,0,1,0,0.5,0.5,0.75,0,0.91201,0.12094,0.89067,0.1421,0.86922,0.16228,0.75,0.25,0.75,0.5,0.75,0,1,-0.25,0.5,0.5,0.73944,0.26388,0.75,0.25,0.69635,0.29074,0.67493,0.30293,g
1,0,0.95659,0.08143,0.97487,-0.05667,0.97165,-0.08484,0.96097,-0.06561,0.94717,0.01279,0.95436,-0.16795,0.94612,-0.19497,0.9963,-0.32268,0.90343,-0.35902,0.91428,-0.27316,0.9014,-0.29807,0.99899,-0.40747,0.87244,-0.34586,0.92059,-0.30619,0.83951,-0.39061,0.82166,-0.41173,g
1,0,0.99025,-0.05785,0.99793,-0.13009,0.98663,-0.1943,0.99374,-0.25843,0.92738,-0.3013,0.92651,-0.37965,0.89812,-0.43796,0.84922,-0.52064,0.87433,-0.57075,0.79016,-0.59839,0.74725,-0.64615,0.68282,-0.68479,0.65247,-0.73174,0.6101,-0.75353,0.54752,-0.80278,0.49195,-0.83245,g
1,0,1,-0.01342,1,0.01566,1,-0.00224,1,0.06264,0.97763,0.04474,0.95973,0.02908,1,0.06488,0.98881,0.03356,1,0.03579,0.99776,0.09396,0.95749,0.07383,1,0.10067,0.99989,0.08763,0.99105,0.08501,1,0.10067,1,0.10067,g
1,0,0.88305,-0.21996,1,0.36373,0.82403,0.19206,0.85086,0.05901,0.90558,-0.04292,0.85193,0.25,0.77897,0.25322,0.69206,0.5794,0.7103,0.39056,0.73176,0.27575,1,0.34871,0.5676,0.52039,0.69811,0.53235,0.80901,0.58584,0.43026,0.70923,0.52361,0.54185,g
1,0,0.45455,0.09091,0.63636,0.09091,0.27273,0.18182,0.63636,0,0.36364,-0.09091,0.45455,-0.09091,0.48612,-0.01343,0.63636,-0.18182,0.45455,0,0.36364,-0.09091,0.27273,0.18182,0.36364,-0.09091,0.34442,-0.01768,0.27273,0,0.36364,0,0.28985,-0.01832,g
1,0,0.83479,0.28993,0.69256,0.47702,0.49234,0.68381,0.21991,0.86761,-0.08096,0.85011,-0.35558,0.77681,-0.52735,0.58425,-0.7035,0.31291,-0.75821,0.03939,-0.71225,-0.15317,-0.58315,-0.39168,-0.37199,-0.52954,-0.1695,-0.60863,0.08425,-0.61488,0.25164,-0.48468,0.40591,-0.35339,g
1,0,0.87048,0.38027,0.64099,0.69212,0.31347,0.86625,-0.03933,0.9074,-0.42173,0.79346,-0.70561,0.5156,-0.81049,0.22735,-0.81136,-0.12539,-0.67474,-0.38102,-0.38334,-0.62861,-0.13013,-0.70762,0.15552,-0.66421,0.38544,-0.51568,0.52573,-0.29897,0.56239,-0.05938,0.5146,0.16645,g
1,0,0.86889,-0.07111,1,-0.02494,1,-0.06889,0.87778,0.00222,0.83556,-0.06444,1,-0.07287,1,-0.2,0.86889,0.05333,0.88,-0.03778,1,-0.11526,1,-0.18667,0.84444,0.03556,1,-0.14162,0.82222,-0.14667,1,-0.15609,1,-0.44222,g
1,0,0.62335,-0.0349,0.59085,0.00481,0.60409,-0.07461,0.63177,0.00963,0.62455,-0.07461,0.67028,0.0722,0.62936,-0.08424,0.67509,0.09146,0.67148,0,0.58965,0.10108,0.5006,0.03129,0.65945,0.14079,0.60463,0.02019,0.51384,0.04452,0.61733,-0.00963,0.61372,-0.09146,g
1,0,0.97513,0.0071,0.98579,0.01954,1,0.01954,0.9929,0.01599,0.95737,0.02309,0.97158,0.03552,1,0.0373,0.97869,0.02131,0.98579,0.05684,0.97158,0.04796,0.94494,0.05506,0.98401,0.03552,0.9754,0.06477,0.94849,0.08171,0.99112,0.06217,0.98934,0.09947,g
