@relation ionosphere
@attribute a01 real [0,1]
@attribute a02 real [0,0]
@attribute a03 real [-1,1]
@attribute a04 real [-1,1]
@attribute a05 real [-1,1]
@attribute a06 real [-1,1]
@attribute a07 real [-1,1]
@attribute a08 real [-1,1]
@attribute a09 real [-1,1]
@attribute a10 real [-1,1]
@attribute a11 real [-1,1]
@attribute a12 real [-1,1]
@attribute a13 real [-1,1]
@attribute a14 real [-1,1]
@attribute a15 real [-1,1]
@attribute a16 real [-1,1]
@attribute a17 real [-1,1]
@attribute a18 real [-1,1]
@attribute a19 real [-1,1]
@attribute a20 real [-1,1]
@attribute a21 real [-1,1]
@attribute a22 real [-1,1]
@attribute a23 real [-1,1]
@attribute a24 real [-1,1]
@attribute a25 real [-1,1]
@attribute a26 real [-1,1]
@attribute a27 real [-1,1]
@attribute a28 real [-1,1]
@attribute a29 real [-1,1]
@attribute a30 real [-1,1]
@attribute a31 real [-1,1]
@attribute a32 real [-1,1]
@attribute a33 real [-1,1]
@attribute a34 real [-1,1]
@attribute class {b,g}
@data
1,0,0.0546,0.01437,-0.02586,0.04598,0.01437,0.04598,-0.07759,0.00862,0.01724,-0.06609,-0.03736,0.0431,-0.08333,-0.04598,-0.09483,0.08046,-0.04023,0.05172,0.02011,0.02299,-0.03736,-0.01149,0.03161,-0.00862,0.00862,0.01724,0.02586,0.01149,0.02586,0.01149,-0.04598,-0.00575,b
1,0,0.66161,-1,1,1,1,-0.67321,0.80893,-0.40446,1,-1,1,-0.89375,1,0.73393,0.17589,0.70982,1,0.78036,1,0.85268,1,-1,1,0.85357,1,-0.08571,0.95982,-0.3625,1,0.65268,1,0.34732,b
1,0,0,0,1,0.12889,0.88444,-0.02,0,0,1,-0.42444,1,0.19556,1,-0.05333,1,-0.81556,0,0,1,-0.04,1,-0.18667,0,0,1,-1,0,0,1,0.11778,0.90667,-0.09556,b
1,0,0,0,0,0,0,0,0,0,0.62195,1,0,0,0,0,0.36585,-0.71951,0.56098,-1,0,0,0,0,0,0,1,0.10976,0,0,0,0,0,0,b
1,0,0.84557,-0.0858,-0.31745,-0.80553,-0.08961,-0.56435,0.80648,0.04576,0.89514,-0.00763,-0.18494,0.63966,-0.20019,-0.68065,0.85701,-0.11344,0.77979,-0.15729,-0.06959,0.5081,-0.34128,0.80934,0.78932,-0.03718,0.70882,-0.25288,0.77884,-0.14109,-0.21354,-0.7817,-0.18494,-0.59867,b
0,0,1,-1,-1,1,-1,1,1,1,1,1,-1,-1,-1,-1,1,1,1,-1,-1,-1,-1,-1,1,0,1,-1,1,-1,-1,1,-1,1,b
1,0,0.1859,-0.16667,0,0,0,0,0,0,0,0,0.11538,-0.19071,0,0,0,0,0,0,0,0,-0.05128,-0.06571,0.07853,0.08974,0.17308,-0.10897,0.125,0.09615,0.02564,-0.04808,0.16827,0.19551,b
0,0,0,0,0,0,0,0,0,0,0,0,0,0,0,0,0,0,0,0,0,0,0,0,0,0,1,-1,0,0,0,0,0,0,b
1,0,1,-0.86701,1,0.2228,0.85492,-0.39896,1,-0.1209,1,0.35147,1,0.07772,1,-0.14767,1,-1,1,-1,0.61831,0.15803,1,0.62349,1,-0.17012,1,0.35924,1,-0.66494,1,0.88428,1,-0.18826,b
0,0,0,0,-1,-1,1,1,-1,1,-1,1,1,-1,1,1,-1,-1,-1,1,1,-1,-1,1,-1,1,1,-1,-1,1,-1,-1,1,-1,b
0,0,1,-1,1,-1,1,-1,1,-1,1,1,1,1,1,-1,1,1,1,1,1,1,1,-1,1,-1,1,-1,1,0.65625,0,0,1,-1,b
1,0,-0.01864,-0.08459,0,0,0,0,0.1147,-0.2681,-0.45663,-0.38172,0,0,-0.33656,0.38602,-0.37133,0.15018,0.63728,0.22115,0,0,0,0,-0.14803,-0.01326,0.20645,-0.02294,0,0,0.16595,0.24086,-0.08208,0.38065,b
1,0,0.5984,0.40332,0.82809,0.80521,0.76001,0.70709,0.8401,-0.10984,0.97311,0.07981,0.95824,-0.85727,0.91962,0.88444,0.95452,-0.05206,0.88673,0.18135,0.98484,-0.69594,0.8667,-0.85755,0.28604,-0.30063,1,0.17076,0.62958,0.42677,0.87757,0.81007,0.81979,0.68822,b
1,0,0.90147,0.41786,0.64131,0.75725,0.3044,0.95148,-0.20449,0.96534,-0.55483,0.81191,-0.81857,0.50949,-0.96986,0.10345,-0.91456,-0.31412,-0.70163,-0.65461,-0.32354,-0.88999,0.05865,-0.94172,0.44483,-0.82154,0.74105,-0.55231,0.89415,-0.18725,0.87893,0.20359,0.70555,0.54852,g
1,0,0.94701,-0.00034,0.93207,-0.03227,0.95177,-0.03431,0.95584,0.02446,0.94124,0.01766,0.92595,0.04688,0.93954,-0.01461,0.94837,0.02004,0.93784,0.01393,0.91406,0.07677,0.8947,0.06148,0.93988,0.03193,0.92489,0.02542,0.9212,0.02242,0.92459,0.00442,0.92697,-0.00577,g
1,0,1,0.14286,1,0.71429,1,0.71429,1,-0.14286,0.85714,-0.14286,1,0.02534,1,0,0.42857,-0.14286,1,0.03617,1,-0.28571,1,0,0.28571,-0.28571,1,0.04891,1,0.05182,1,0.57143,1,0,g
1,0,0.46785,0.11308,0.5898,0.00665,0.55432,0.06874,0.47894,-0.13969,0.52993,0.0133,0.63858,-0.16186,0.67849,-0.03326,0.54545,-0.13525,0.52993,-0.04656,0.47894,-0.19512,0.50776,-0.13525,0.41463,-0.20177,0.5393,-0.11455,0.59867,-0.02882,0.53659,-0.11752,0.56319,-0.04435,g
1,0,1,0.05149,0.99363,0.10123,0.96142,0.14756,0.95513,-0.26496,0.66026,0.54701,0.80426,0.25283,0.73781,0.2738,0.66775,0.28714,0.59615,0.29304,0.52494,0.292,0.45582,0.28476,0.39023,0.27226,0.3293,0.25553,0.27381,0.23568,0.22427,0.21378,0.18086,0.19083,g
1,0,1,-0.16316,1,-0.10169,0.99999,-0.15197,1,-0.19277,0.94055,-0.35151,0.95735,-0.29785,0.93719,-0.34412,0.94486,-0.28106,0.90137,-0.43383,0.86043,-0.47308,0.82987,-0.5122,0.8408,-0.47137,0.76224,-0.5837,0.65723,-0.68794,0.68714,-0.64537,0.64727,-0.67226,g
1,0,1,0.06538,1,0.20746,1,0.26281,0.93051,0.32213,0.86773,0.39039,0.75474,0.50082,0.79555,0.52321,0.65954,0.60756,0.57619,0.62999,0.47807,0.67135,0.40553,0.6884,0.34384,0.72082,0.27712,0.72386,0.19296,0.70682,0.11372,0.72688,0.0699,0.71444,g
1,0,1,0.5,1,0.25,0.25,1,0.16851,0.9118,-0.13336,0.80454,-0.34107,0.60793,-0.4382,0.37856,-0.43663,0.16709,-0.36676,0.00678,-0.26477,-0.09025,-0.16178,-0.12964,-0.07782,-0.12744,-0.02089,-0.10242,0.01033,-0.07036,0.02224,-0.04142,0.02249,-0.02017,g
1,0,0.84134,-0.18362,0.43644,0.02919,0.93421,-0.00267,0.87947,0.13795,0.81121,-0.01789,0.88559,0.54991,0.91714,-0.57486,0.75,-0.2952,0.86676,-0.20104,1,1,0.4661,-0.1629,0.90066,-0.02778,0.93358,-0.01158,0.61582,-0.32298,0.84463,-0.25706,0.93323,-0.01425,g
1,0,0.93537,0.13645,0.93716,0.25359,0.85705,0.38779,0.79039,0.47127,0.72352,0.59942,0.6526,0.75,0.5083,0.73586,0.41629,0.82742,0.25539,0.85952,0.13712,0.85615,0.00494,0.88869,-0.07361,0.7978,-0.20995,0.78004,-0.33169,0.71454,-0.38532,0.64363,-0.47419,0.55835,g
1,0,1,-0.14236,1,-0.16256,1,-0.23656,1,-0.07514,1,-0.2501,1,-0.26161,1,-0.21975,1,-0.38606,1,-0.46162,1,-0.35519,1,-0.59661,1,-0.47643,0.9882,-0.49687,1,-0.7582,1,-0.75761,1,-0.84437,g
1,0,0.51207,1,1,0.5381,0.71178,0.80833,0.45622,0.46427,0.33081,1,0.21249,1,-0.17416,1,-0.33081,0.98722,-0.61382,1,-0.52674,0.71699,-0.885,0.47894,-1,0.35175,-1,0.09569,-1,-0.16713,-1,-0.42226,-0.91903,-0.65557,g
1,0,0.88179,0.43491,0.59573,0.77655,0.19672,0.94537,-0.24103,0.92544,-0.62526,0.71257,-0.86443,0.33652,-0.92384,-0.05338,-0.77356,-0.44707,-0.4695,-0.73285,-0.10237,-0.82217,0.26384,-0.7757,0.55984,-0.5591,0.72147,-0.24433,0.72478,0.09599,0.58137,0.38915,0.34749,0.57656,g
1,0,0.47368,-0.10526,0.83781,0.01756,0.83155,0.02615,0.68421,-0.05263,0.68421,0,0.79856,0.05028,0.78315,0.05756,0.84211,0.47368,1,0.05263,0.7255,0.07631,0.70301,0.08141,0.42105,0.21053,0.65419,0.08968,0.52632,-0.21053,0.6015,0.09534,0.57418,0.09719,g
1,0,0.99645,0.06468,1,-0.01236,0.97811,0.02498,0.96112,0.02312,0.99274,0.07808,0.89323,0.10346,0.94212,0.05269,0.88809,0.1112,0.86104,0.08631,0.81633,0.1183,0.83668,0.14442,0.81329,0.13412,0.79476,0.13638,0.7911,0.15379,0.77122,0.1593,0.70941,0.12015,g
1,0,0.99539,-0.05889,0.85243,0.02306,0.83398,-0.37708,1,0.0376,0.85243,-0.17755,0.59755,-0.44945,0.60536,-0.38223,0.84356,-0.38542,0.58212,-0.32192,0.56971,-0.29674,0.36946,-0.47357,0.56811,-0.51171,0.41078,-0.46168,0.21266,-0.3409,0.42267,-0.54487,0.18641,-0.453,g
1,0,0.8811,0,0.94817,-0.02744,0.93598,-0.0122,0.90244,0.01829,0.90244,0.01829,0.93902,0.00915,0.95732,0.00305,1,0.02744,0.94207,-0.0122,0.90854,0.02439,0.91463,0.05488,0.99695,0.04878,0.89666,0.02226,0.90854,0.00915,1,0.05488,0.97561,-0.0122,g
1,0,0.89505,-0.03168,0.87525,0.05545,0.89505,0.01386,0.92871,0.02772,0.91287,-0.0099,0.94059,-0.01584,0.91881,0.03366,0.93663,0,0.94257,0.01386,0.90495,0.00792,0.88713,-0.01782,0.89307,0.02376,0.89002,0.01611,0.88119,0.00198,0.87327,0.04158,0.86733,0.02376,g
1,0,0.74468,0.10638,0.88706,0.00982,0.88542,0.01471,0.87234,-0.01418,0.7305,0.10638,0.87657,0.02912,0.87235,0.03382,0.95745,0.07801,0.95035,0.04255,0.85597,0.04743,0.84931,0.05178,0.87234,0.11348,0.83429,0.06014,0.74468,-0.03546,0.8171,0.068,0.80774,0.07173,g
1,0,1,0.00433,1,-0.01209,1,-0.0296,1,-0.07014,0.97839,-0.06256,1,-0.06544,0.97261,-0.07917,0.92561,-0.13665,0.94184,-0.14327,0.99589,-0.14248,0.94815,-0.13565,0.89469,-0.20851,0.89067,-0.17909,0.85644,-0.18552,0.83777,-0.20101,0.83867,-0.20766,g
1,0,0.57647,-0.01569,0.40392,0,0.38431,0.12941,0.4,-0.05882,0.56471,0.14118,0.46667,0.08235,0.52549,-0.0549,0.58039,0.01569,0.50196,0,0.45882,0.06667,0.58039,0.08235,0.49804,0.00392,0.48601,0.10039,0.46275,0.08235,0.45098,0.23529,0.43137,0.17255,g
1,0,0.8941,0.13425,0.87001,0.31543,0.78896,0.43388,0.63388,0.59975,0.54003,0.71016,0.39699,0.76161,0.24266,0.79523,0.09134,0.79598,-0.09159,0.76261,-0.20201,0.66926,-0.30263,0.6261,-0.40552,0.50489,-0.46215,0.40753,-0.50314,0.27252,-0.52823,0.19172,-0.48808,0.05972,g
1,0,1,-0.08183,1,-0.11326,0.99246,-0.29802,1,-0.33075,0.96662,-0.34281,0.85788,-0.47265,0.91904,-0.4817,0.73084,-0.65224,0.68131,-0.63544,0.8245,-0.78316,0.58829,-0.74785,0.67033,-0.96296,0.48757,-0.85669,0.37941,-0.83893,0.24117,-0.88846,0.29221,-0.89621,g
