@relation ionosphere
@attribute a01 real [0,1]
@attribute a02 real [0,0]
@attribute a03 real [-1,1]
@attribute a04 real [-1,1]
@attribute a05 real [-1,1]
@attribute a06 real [-1,1]
@attribute a07 real [-1,1]
@attribute a08 real [-1,1]
@attribute a09 real [-1,1]
@attribute a10 real [-1,1]
@attribute a11 real [-1,1]
@attribute a12 real [-1,1]
@attribute a13 real [-1,1]
@attribute a14 real [-1,1]
@attribute a15 real [-1,1]
@attribute a16 real [-1,1]
@attribute a17 real [-1,1]
@attribute a18 real [-1,1]
@attribute a19 real [-1,1]
@attribute a20 real [-1,1]
@attribute a21 real [-1,1]
@attribute a22 real [-1,1]
@attribute a23 real [-1,1]
@attribute a24 real [-1,1]
@attribute a25 real [-1,1]
@attribute a26 real [-1,1]
@attribute a27 real [-1,1]
@attribute a28 real [-1,1]
@attribute a29 real [-1,1]
@attribute a30 real [-1,1]
@attribute a31 real [-1,1]
@attribute a32 real [-1,1]
@attribute a33 real [-1,1]
@attribute a34 real [-1,1]
@attribute class {b,g}
@data
1,0,0.10135,0.10811,0,0,0,0,0.5473,0.82432,0.31081,1,0,0,0,0,0.37162,-1,0.33108,-1,0,0,0,0,-0.42568,-1,1,-1,0.55405,-0.23649,0,0,0,0,b
1,0,0,0,1,0.51724,0,0,0.10991,-1,0,0,0,0,-1,-0.22414,-0.55711,-0.83297,0.7694,0.63147,0,0,0.53448,0.35668,-0.90302,0.44828,1,-1,-1,0.81573,0,0,0,0,b
1,0,0,0,1,-1,0,0,0,0,1,1,1,-0.25342,1,0.23288,1,-1,0,0,0,0,1,1,0,0,1,-1,0,0,1,-1,0,0,b
0,0,1,1,1,-1,0,0,0,0,1,1,1,1,-1,-1,1,-1,-1,1,0,0,1,-1,1,-1,1,1,-1,-1,0,0,0,0,b
0,0,1,1,0,0,1,-1,1,-1,1,1,1,1,1,-1,1,1,1,1,1,-1,-1,-1,1,-1,1,-1,1,1,0,0,1,-1,b
0,0,1,1,1,-1,0,0,0,0,-1,-1,0,0,0,0,-1,1,1,1,-1,1,-1,1,1,-1,1,1,-1,1,1,1,0,0,b
0,0,-1,1,1,-1,0,0,0,0,1,-1,1,1,0,0,1,-1,0,0,0,0,1,1,-1,1,1,-1,-1,1,-1,-1,0,0,b
0,0,0,0,0,0,0,0,1,1,1,1,0,0,0,0,-0.375,-1,-1,-1,0,0,0,0,-1,-1,-1,-1,-1,1,1,0,0,0,b
0,0,0,0,0,0,0,0,0,0,0,0,1,1,1,1,1,-1,0,0,1,1,1,-1,1,1,1,0,1,1,1,-1,0,0,b
1,0,0,0,0,0,0,0,0,0,0,0,-1,1,1,0.55172,0,0,0,0,0,0,0,0,0,0,1,1,0,0,0,0,0,0,b
0,0,-1,-1,0,0,-1,1,1,-0.375,0,0,0,0,0,0,1,-1,-1,-1,1,-1,0,0,1,-1,-1,1,-1,-1,0,0,-1,1,b
1,0,-0.26667,0.4,-0.27303,0.12159,-0.17778,-0.04444,0.06192,-0.06879,0.04461,0.02575,-0.00885,0.02726,-0.01586,-0.00166,-0.00093,-0.00883,0.0047,-0.00153,0.00138,0.00238,-0.00114,0.00102,-0.00069,-0.0005,0.00019,-0.00043,0.00026,5e-05,0,0.00015,-8e-05,2e-05,b
1,0,0,0,0,0,0,0,-0.85,-1,0,0,1,-1,0,0,-1,-1,-1,-1,1,-1,-0.6,-1,1,1,-1,-0.2,1,-1,0,1,0,0,b
1,0,0.91241,0.04347,0.94191,0.0228,0.94705,0.05345,0.93582,0.01321,0.91911,0.06348,0.92766,0.12067,0.92048,0.06211,0.88899,0.12722,0.83744,0.14439,0.80983,0.11849,0.77041,0.14222,0.75755,0.11299,0.7355,0.13282,0.66387,0.153,0.70925,0.10754,0.65258,0.11447,g
1,0,0.6,0.03333,0.63333,0.06667,0.7,0.06667,0.7,0,0.63333,0,0.8,0,0.73333,0,0.7,0.1,0.66667,0.1,0.73333,-0.03333,0.76667,0,0.63333,0.13333,0.65932,0.10168,0.6,0.13333,0.6,0.16667,0.63333,0.16667,g
1,0,0.50466,-0.169,0.71442,0.01513,0.71063,0.02258,0.68065,0.01282,0.34615,0.05594,0.6905,0.04393,0.68101,0.05058,0.67023,0.05692,0.63403,-0.04662,0.64503,0.06856,0.63077,0.07381,0.84033,0.18065,0.59935,0.08304,0.38228,0.0676,0.56466,0.09046,0.54632,0.09346,g
1,0,0.47337,0.19527,0.06213,-0.18343,0.62316,0.01006,0.45562,-0.04438,0.56509,0.01775,0.44675,0.27515,0.71598,-0.03846,0.55621,0.12426,0.4142,0.11538,0.52767,0.02842,0.51183,-0.10651,0.47929,-0.02367,0.46514,0.03259,0.5355,0.25148,0.31953,-0.14497,0.34615,-0.00296,g
1,0,1,0.11385,0.70019,-0.12144,0.81594,0.09677,0.71157,0.01139,0.56167,-0.0778,0.6907,0.12524,0.58634,0.03985,0.53131,-0.03416,0.6945,0.16888,0.72676,0.07211,0.32068,0.05882,0.53321,0.37381,0.4909,0.17951,0.1518,0.32448,0.44141,0.18897,0.56167,0.1518,g
1,0,0.91176,-0.08824,0.97059,0.17647,0.82353,0.08824,0.91176,-0.02941,0.97059,-0.17647,0.97059,0.14706,0.94118,0.02941,1,0,1,0,0.76471,0.11765,0.88235,0.02941,0.85294,0.02941,0.92663,0.026,0.94118,-0.11765,0.97059,0.05882,0.91176,0.05882,g
1,0,1,0.23395,0.91404,0.52013,0.7802,0.72144,0.4766,0.84222,0.27639,0.9173,0.09467,0.88248,-0.2198,0.91404,-0.34168,0.75517,-0.5136,0.64527,-0.64527,0.44614,-0.74102,0.29162,-0.70838,0.03591,-0.71731,-0.11943,-0.64962,-0.28183,-0.51251,-0.44505,-0.37432,-0.53319,g
1,0,0.80627,0.13069,0.73061,0.24323,0.64615,0.19038,0.36923,0.45577,0.44793,0.46439,0.25,0.57308,0.25192,0.37115,0.15215,0.51877,-0.09808,0.575,-0.03462,0.42885,-0.08856,0.44424,-0.14943,0.40006,-0.1994,0.34976,-0.23832,0.29541,-0.26634,0.23896,-0.23846,0.31154,g
1,0,0.99449,0.00526,0.84082,-0.11313,0.88237,-0.16431,0.99061,-0.06257,0.96484,-0.07496,0.85221,0.02966,0.87161,-0.20848,0.93881,-0.12977,0.98298,-0.08935,0.89876,0.00075,0.87836,-0.05882,0.93368,-0.19872,0.87579,-0.17806,0.94294,-0.16581,0.80253,-0.25741,0.76586,-0.27794,g
1,0,0.67547,0.04528,0.76981,-0.10566,0.77358,0.03774,0.66038,-0.04528,0.64528,0.01132,0.66792,-0.13962,0.72075,-0.02264,0.76981,0.08679,0.61887,-0.07925,0.75849,-0.23774,0.73962,-0.14717,0.84906,-0.15094,0.73886,-0.05801,0.66792,0.02264,0.86415,0.03774,0.73208,0.00755,g
1,0,0.90608,-0.01657,0.98122,-0.01989,0.95691,-0.03646,0.85746,0.0011,0.89724,-0.03315,0.89061,-0.01436,0.90608,-0.0453,0.91381,-0.00884,0.80773,-0.12928,0.88729,0.01215,0.92155,-0.0232,0.9105,-0.02099,0.89147,-0.0776,0.82983,-0.17238,0.96022,-0.03757,0.87403,-0.16243,g
1,0,0.44444,0.44444,0.53695,0.90763,-0.22222,1,-0.33333,0.88889,-1,0.33333,-1,-0.11111,-1,-0.22222,-0.66667,-0.77778,0.55556,-1,-0.22222,-0.77778,0.77778,-0.22222,0.33333,0,0.9212,0.45019,0.57454,0.84353,0.22222,1,-0.55556,1,g
1,0,0.87111,0.04326,0.79946,0.18297,0.99009,0.29292,0.89455,-0.08337,0.88598,-0.02028,0.90446,-0.26724,0.8941,0.19964,0.88644,-0.04642,0.84452,-0.00991,0.97882,-0.34024,0.78954,-0.25101,0.86661,-0.09193,0.85967,-0.02908,0.78774,-0.04101,0.75935,0.21812,0.88238,0.09193,g
1,0,0.90932,0.08791,0.86528,0.16888,1,0.16598,0.55187,0.68154,0.70207,0.36719,0.16286,0.42739,0.5762,0.46086,0.51067,0.49618,0.31639,0.12967,0.37824,0.54462,0.31274,0.55826,0.24856,0.56527,0.18626,0.56605,0.12635,0.56101,0.06927,0.55061,0.12137,0.67739,g
1,0,0.98822,0.02187,0.93102,0.341,0.83904,0.35222,0.74706,0.48906,0.73584,0.51879,0.55076,0.60179,0.4313,0.66237,0.318,0.70443,0.28379,0.68873,0.07515,0.73696,0.06338,0.71284,-0.16489,0.69714,-0.16556,0.6051,-0.16209,0.55805,-0.34717,0.44195,-0.33483,0.37465,g
1,0,0.89563,0.37917,0.67311,0.69438,0.35916,0.88696,-0.04193,0.93345,-0.38875,0.84414,-0.67274,0.62078,-0.8268,0.30356,-0.8615,-0.05365,-0.73564,-0.34275,-0.51778,-0.62443,-0.23428,-0.73855,0.06911,-0.73856,0.33531,-0.62296,0.52414,-0.42086,0.61217,-0.17343,0.60073,0.0866,g
1,0,0.83609,0.13215,0.72171,0.06059,0.65829,0.08315,0.23888,0.12961,0.43837,0.2033,0.49418,0.12686,0.44747,0.13507,0.29352,0.02922,0.48158,0.15756,0.32835,0.14616,0.29495,0.14638,0.26436,0.1453,0.23641,0.14314,0.26429,0.16137,0.18767,0.13632,0.16655,0.13198,g
1,0,0.8842,0.36724,0.67123,0.67382,0.39613,0.86399,0.02424,0.93182,-0.35148,0.83713,-0.60316,0.58842,-0.78658,0.38778,-0.83285,-0.00642,-0.69318,-0.32963,-0.52504,-0.53924,-0.27377,-0.68126,0.00806,-0.69774,0.26028,-0.60678,0.44569,-0.43383,0.54209,-0.21542,0.56286,0.02823,g
1,0,1,0.09091,0.95455,-0.09091,0.77273,0,1,0,0.95455,0,1,0.04545,0.90909,-0.04545,1,0,1,0,0.86364,0.09091,0.77273,0.09091,0.90909,0.04545,0.91541,0.02897,0.95455,0.09091,0.86364,-0.09091,0.86364,0.04545,g
1,0,1,-0.00612,1,-0.09834,1,-0.07649,1,-0.10605,1,-0.11073,1,-0.39489,1,-0.15616,0.92124,-0.31884,0.86473,-0.34534,0.91693,-0.44072,0.9606,-0.46866,0.81874,-0.40372,0.82681,-0.42231,0.75784,-0.38231,0.80448,-0.40575,0.74354,-0.45039,g
1,0,0.83427,0.39121,0.5404,0.78579,0.12326,0.89402,-0.33221,0.83578,-0.70086,0.59564,-0.86622,0.21909,-0.84442,-0.24164,-0.59714,-0.61894,-0.19354,-0.87787,0.12439,-0.89064,0.51109,-0.72454,0.79143,-0.27734,0.83008,0.08718,0.66592,0.49079,0.37542,0.70011,-0.03983,0.79444,g
1,0,0.52542,-0.0339,0.94915,0.08475,0.52542,-0.16949,0.30508,-0.01695,0.50847,-0.13559,0.64407,0.28814,0.83051,-0.35593,0.54237,0.01695,0.55932,0.0339,0.59322,0.30508,0.86441,0.05085,0.40678,0.15254,0.67287,-0.00266,0.66102,-0.0339,0.83051,-0.15254,0.76271,-0.10169,g
1,0,0.88085,0.35232,0.68389,0.65128,0.34816,0.79784,0.05832,0.90842,-0.29784,0.8649,-0.62635,0.6959,-0.77106,0.39309,-0.85803,0.08408,-0.81641,-0.24017,-0.64579,-0.50022,-0.39766,-0.68337,-0.11147,-0.75533,0.17041,-0.71504,0.40675,-0.57649,0.56626,-0.36765,0.62765,-0.13305,g
